[ 0.  0.  0.  0.  0.  0.  0.  0.  0.  0.  0.  0.  0.  0.  0.  0.  0.  0.
  0.  0.  0.  0.  0.  0.  0.  0.  0.  0.  0.  0.  0.  0.  0.  0.  0.  0.
  0.  0.  0.  0.  0.  0.  0.  0.  0.  0.  0.  0.  0.  0.  0.  0. 20.  0.
  0.  0.  0.  0.  0.  0.  0.  0.  0.  0.  0.  0.  0. 19. 14.  9.  0.  0.
  0.  0.  0.  0.  0.  0.  0.  0. 23.  0.  5.  0.  4.  0.  0.  0.  0.  0.
  0.  0.  0.  0. 22. 21.  7. 17.  3.  8.  0.  0.  0.  0.  0.  0.  0.  0.
  0.  0. 13.  0.  1.  2.  6.  0.  0.  0.  0.  0.  0.  0.  0.  0. 15. 25.
 24. 18. 12. 10. 26.  0.  0.  0.  0.  0.  0.  0. 16.  0.  0.  0.  0.  0.
 11.  0.  0.  0.  0.  0.  0.  0.  0.  0.  0.  0.  0.  0.  0.  0.  0.  0.
  0.  0.  0.  0.  0.  0.  0.  0.  0.  0.  0.  0.  0.  0.  0.  0.  0.  0.
  0.  0.  0.  0.  0.  0.  0.  0.  0.  0.  0.  0.  0.  0.  0.  0.  0.  0.
  0.  0.  0.  0.  0.  0.  0.  0.  0.  0.  0.  0.  0.  0.  0.  0.  0.  0.
  0.  0.  0.  0.  0.  0.  0.  0.  0.]