[ 0.  0.  0.  0.  0.  0.  0.  0.  0.  0.  0.  0.  0.  0.  0.  0.  0.  0.
  0.  0.  0.  0.  0.  0.  0.  0.  0.  0.  0.  0.  0.  0.  0.  0.  0.  0.
  0.  0.  0.  0.  0.  0.  0.  0.  0.  0.  0.  0.  0.  0.  0.  0.  0.  0.
  0.  0.  0.  0.  0.  0.  0.  0.  0.  0.  0.  0.  0.  0.  0.  0.  0.  0.
  0.  0.  0.  0.  0.  0.  0.  0.  0.  8.  0.  0.  0.  0.  0.  0.  0.  0.
  0.  0.  0. 11. 14.  5. 13.  1. 15. 16.  0.  0.  0.  0.  0.  0.  0.  0.
  0.  7.  6.  2. 23. 17. 19. 35. 36.  0.  0.  0.  0.  0. 47.  9. 22.  3.
 21.  4. 18. 38. 34. 39.  0.  0.  0.  0.  0. 10. 46. 25. 24. 12. 20. 26.
 27.  0.  0.  0.  0.  0.  0.  0.  0. 45. 44. 42. 30.  0. 37. 28.  0.  0.
  0.  0.  0.  0.  0.  0.  0.  0. 32. 41. 31.  0.  0. 29.  0.  0.  0.  0.
  0.  0.  0.  0. 33. 43. 40.  0.  0.  0.  0.  0.  0.  0.  0.  0.  0.  0.
  0.  0.  0.  0. 48.  0.  0.  0.  0.  0.  0.  0.  0.  0.  0.  0.  0.  0.
  0.  0.  0.  0.  0.  0.  0.  0.  0.]