[ 0.  0.  0.  0.  0.  0.  0.  0.  0.  0.  0.  0.  0.  0.  0.  0.  0.  0.
  0.  0.  0.  0.  0.  0.  0.  0.  0.  0.  0.  0.  0.  0.  0.  0. 32.  0.
  0. 25.  0.  0.  0.  0.  0.  0.  0.  0.  0.  0. 22. 31. 30. 26. 20.  0.
  0.  0.  0.  0.  0.  0.  0.  0. 34.  0. 21. 23. 19. 24.  0.  0.  0.  0.
  0.  0.  0.  0.  0. 35. 33.  5.  7.  3.  8. 28.  0.  0.  0.  0.  0.  0.
  0.  0.  0.  0. 15.  2.  1.  6. 14. 29.  0.  0.  0.  0.  0.  0.  0.  0.
  0. 16. 17.  4.  9. 27.  0.  0.  0.  0.  0.  0.  0.  0.  0.  0.  0. 11.
 13. 12. 10.  0.  0.  0.  0.  0.  0.  0.  0.  0.  0.  0.  0.  0. 18.  0.
  0.  0.  0.  0.  0.  0.  0.  0.  0.  0.  0.  0.  0.  0.  0.  0.  0.  0.
  0.  0.  0.  0.  0.  0.  0.  0.  0.  0.  0.  0.  0.  0.  0.  0.  0.  0.
  0.  0.  0.  0.  0.  0.  0.  0.  0.  0.  0.  0.  0.  0.  0.  0.  0.  0.
  0.  0.  0.  0.  0.  0.  0.  0.  0.  0.  0.  0.  0.  0.  0.  0.  0.  0.
  0.  0.  0.  0.  0.  0.  0.  0.  0.]