[ 0.  0.  0.  0.  0.  0.  0.  0.  0.  0.  0.  0.  0.  0.  0.  0.  0.  0.
  0.  0.  0.  0.  0.  0.  0.  0.  0.  0.  0.  0.  0.  0.  0.  0.  0.  0.
  0.  0.  0.  0.  0.  0.  0.  0.  0.  0.  0.  0.  0.  0.  0.  0.  0.  0.
  0.  0.  0.  0.  0.  0.  0.  0.  0.  0. 19.  0.  0.  0.  0.  0.  0.  0.
  0.  0.  0.  0.  0.  0.  0.  0. 17.  0.  0.  0.  0.  0.  0.  0.  0.  0.
  0.  0.  0.  0.  0. 16. 11.  0.  0.  0.  0.  0.  0.  0.  0.  0.  0.  0.
  0.  0.  0. 10.  1.  0.  0.  0.  0.  0.  0.  0.  0.  0.  0.  0. 13. 12.
  2. 14. 15.  0.  0.  0.  0.  0.  0.  0.  0.  0.  0.  0.  4.  8.  3.  0.
 18.  0.  0.  0.  0.  0.  0.  0.  0.  0.  5.  0.  6.  0.  0.  0.  0.  0.
  0.  0.  0.  0.  0.  0.  0.  0.  0.  9.  7.  0.  0.  0.  0.  0.  0.  0.
  0.  0.  0.  0.  0.  0.  0.  0.  0.  0.  0.  0.  0.  0.  0.  0.  0.  0.
  0.  0.  0.  0.  0.  0.  0.  0.  0.  0.  0.  0.  0.  0.  0.  0.  0.  0.
  0.  0.  0.  0.  0.  0.  0.  0.  0.]