[ 0.  0.  0.  0.  0.  0.  0.  0.  0.  0.  0.  0.  0.  0.  0.  0.  0.  0.
  0.  0.  0.  0.  0.  0.  0.  0.  0.  0.  0.  0.  0.  0.  0.  0.  0.  0.
  0.  0.  0.  0.  0.  0.  0.  0.  0.  0.  0. 18.  0.  0.  0. 20.  0.  0.
  0.  0.  0.  0.  0.  0. 29. 39.  0. 17.  0.  0.  9. 44.  0. 49.  0.  0.
  0.  0.  0.  0. 28.  0.  7. 15.  4. 19. 48. 45.  0.  0.  0.  0.  0.  0.
 40. 38. 26. 41.  6.  5.  1. 47.  0.  0.  0.  0.  0.  0.  0.  0. 34. 37.
  8. 21.  2. 13.  3.  0.  0.  0.  0.  0.  0.  0. 31. 30. 10. 22. 12. 23.
 14. 16. 46.  0.  0.  0.  0.  0.  0.  0. 11.  0. 32. 36. 27.  0. 24.  0.
  0.  0.  0.  0.  0.  0.  0.  0. 42. 33. 35.  0.  0.  0. 25.  0.  0.  0.
  0.  0.  0.  0. 43.  0.  0.  0.  0.  0.  0.  0.  0.  0.  0.  0.  0.  0.
  0.  0.  0.  0.  0.  0.  0.  0.  0.  0.  0.  0.  0.  0.  0.  0.  0.  0.
  0.  0.  0.  0.  0.  0.  0.  0.  0.  0.  0.  0.  0.  0.  0.  0.  0.  0.
  0.  0.  0.  0.  0.  0.  0.  0.  0.]