[ 0.  0.  0.  0.  0.  0.  0.  0.  0.  0.  0.  0.  0.  0.  0.  0.  0.  0.
  0.  0.  0.  0.  0.  0.  0.  0.  0.  0.  0.  0.  0.  0.  0.  0.  0.  0.
  0.  0.  0.  0. 36.  0.  0.  0.  0.  0.  0.  0.  0.  0.  0.  0. 32.  0.
 35.  0.  0.  0.  0.  0.  0.  0.  0.  0. 10.  0.  0. 21. 29. 30. 25. 15.
  0.  0.  0.  0.  0.  0.  0.  0.  9.  0. 17. 16.  4. 14. 18. 19.  0.  0.
  0.  0.  0.  0. 34. 33.  5. 31.  3.  6. 24.  0.  0.  0.  0.  0.  0.  0.
  0.  0. 37.  0.  1.  2.  0. 20. 28.  0.  0.  0.  0.  0.  0.  0.  0.  0.
  0. 12.  7. 11. 26. 22.  0.  0.  0.  0.  0.  0.  0.  0.  0. 13.  0.  0.
  8. 27.  0. 23.  0.  0.  0.  0.  0.  0.  0.  0.  0.  0.  0.  0.  0.  0.
  0.  0.  0.  0.  0.  0.  0.  0.  0.  0.  0.  0.  0.  0.  0.  0.  0.  0.
  0.  0.  0.  0.  0.  0.  0.  0.  0.  0.  0.  0.  0.  0.  0.  0.  0.  0.
  0.  0.  0.  0.  0.  0.  0.  0.  0.  0.  0.  0.  0.  0.  0.  0.  0.  0.
  0.  0.  0.  0.  0.  0.  0.  0.  0.]