[ 0.  0.  0.  0.  0.  0.  0.  0.  0.  0.  0.  0.  0.  0.  0.  0.  0.  0.
  0.  0.  0.  0.  0.  0.  0.  0.  0.  0.  0.  0.  0.  0.  0.  0.  0.  0.
  0.  0.  0.  0.  0.  0.  0.  0.  0.  0.  0.  0.  0.  0.  0.  0.  0.  0.
  0.  0.  0.  0.  0.  0.  0.  0.  0.  0.  0.  0.  0.  0.  0.  0.  0.  0.
  0.  0.  0.  0.  0.  0.  0.  0.  0.  0. 17.  0.  0.  0.  0.  0.  0.  0.
  0.  0.  0.  0. 23.  0. 16. 10.  0.  0.  0.  0.  0.  0.  0.  0.  0.  0.
 32. 22.  6.  0.  1.  0.  0.  0.  0.  0.  0.  0.  0.  0. 27.  0.  8.  7.
  3.  9. 13. 14.  0.  0.  0.  0.  0.  0.  0. 21. 18. 20.  4.  2.  5.  0.
 15.  0.  0.  0.  0.  0.  0.  0. 19.  0. 24.  0. 30. 11.  0.  0.  0.  0.
  0.  0.  0.  0.  0.  0.  0. 25. 26.  0. 12.  0.  0.  0.  0.  0.  0.  0.
  0.  0.  0.  0.  0.  0. 28.  0. 31.  0.  0.  0.  0.  0.  0.  0.  0.  0.
  0.  0.  0.  0. 29.  0.  0.  0.  0.  0.  0.  0.  0.  0.  0.  0.  0.  0.
  0.  0.  0.  0.  0.  0.  0.  0.  0.]