[ 0.  0.  0.  0.  0.  0.  0.  0.  0.  0.  0.  0.  0.  0.  0.  0.  0.  0.
  0.  0.  0.  0.  0.  0.  0.  0.  0.  0.  0.  0.  0.  0.  0.  0.  0.  0.
  0.  0.  0.  0.  0.  0.  0.  0.  0.  0.  0.  0.  0.  0.  0. 42.  0.  0.
 39.  0.  0.  0.  0.  0.  0.  0.  0.  0.  0. 41. 23. 25. 38.  9.  0.  0.
  0.  0.  0.  0.  0.  0.  0. 15. 29. 22. 26.  8. 27.  0.  0.  0.  0.  0.
  0.  0.  0. 31. 30. 14. 20.  2.  7. 40.  0.  0.  0.  0.  0.  0.  0. 35.
 34. 24. 28.  4.  1.  3.  5.  6.  0.  0.  0.  0.  0. 43.  0. 36. 19. 10.
 16. 12. 17.  0.  0.  0.  0.  0.  0.  0.  0. 37.  0. 11. 32. 21.  0. 13.
  0.  0.  0.  0.  0.  0.  0.  0.  0.  0.  0. 33.  0.  0. 18.  0.  0.  0.
  0.  0.  0.  0.  0.  0.  0.  0.  0.  0.  0.  0.  0.  0.  0.  0.  0.  0.
  0.  0.  0.  0.  0.  0.  0.  0.  0.  0.  0.  0.  0.  0.  0.  0.  0.  0.
  0.  0.  0.  0.  0.  0.  0.  0.  0.  0.  0.  0.  0.  0.  0.  0.  0.  0.
  0.  0.  0.  0.  0.  0.  0.  0.  0.]