[ 0.  0.  0.  0.  0.  0.  0.  0.  0.  0.  0.  0.  0.  0.  0.  0.  0.  0.
  0.  0.  0.  0.  0.  0.  0.  0.  0.  0.  0.  0.  0.  0.  0.  0.  0.  0.
  0.  0.  0.  0.  0.  0.  0.  0.  0.  0.  0.  0. 25. 14. 22. 16.  0.  0.
  0.  0.  0.  0.  0.  0.  0. 35.  0.  0. 26. 13.  7.  0.  0.  0.  0.  0.
  0.  0.  0.  0.  0. 34.  0. 30. 23. 11.  4.  0. 38. 10.  0.  0.  0.  0.
  0.  0.  0. 32. 31. 21. 15.  3.  2. 36.  0.  0.  0.  0.  0.  0.  0.  0.
  0. 20. 19. 17.  1.  5.  6.  0.  0.  0.  0.  0.  0.  0.  0.  0.  0. 24.
 18. 29. 27. 12.  8.  0.  0.  0.  0.  0.  0.  0.  0.  0.  0. 33.  0.  0.
 28.  0.  9.  0.  0.  0.  0.  0.  0.  0.  0.  0.  0.  0.  0. 37.  0.  0.
  0.  0.  0.  0.  0.  0.  0.  0.  0.  0.  0.  0.  0.  0.  0.  0.  0.  0.
  0.  0.  0.  0.  0.  0.  0.  0.  0.  0.  0.  0.  0.  0.  0.  0.  0.  0.
  0.  0.  0.  0.  0.  0.  0.  0.  0.  0.  0.  0.  0.  0.  0.  0.  0.  0.
  0.  0.  0.  0.  0.  0.  0.  0.  0.]