[ 0.  0.  0.  0.  0.  0.  0.  0.  0.  0.  0.  0.  0.  0.  0.  0.  0.  0.
  0.  0.  0.  0.  0.  0.  0.  0.  0.  0.  0.  0.  0.  0.  0.  0.  0.  0.
 31.  0.  0.  0.  0.  0.  0.  0.  0.  0.  0.  0.  0.  0.  0.  0. 30.  0.
  0. 21.  0.  0. 19.  0.  0.  0.  0.  0.  0.  0.  0.  0. 28. 25. 20. 24.
 18. 26. 27.  0.  0.  0.  0.  0.  0.  0. 13.  6.  4. 12. 14. 15.  0.  0.
  0.  0.  0.  0.  0.  0.  0.  2.  3. 11. 16.  0.  0.  0.  0.  0.  0.  0.
  0. 10.  9.  7.  1.  5.  8. 22. 29.  0.  0.  0.  0.  0.  0.  0.  0.  0.
 36. 35. 17. 33. 23. 34.  0.  0.  0.  0.  0.  0.  0.  0.  0. 37.  0. 39.
 32.  0.  0.  0.  0.  0.  0.  0.  0.  0.  0. 38.  0.  0. 41. 40.  0.  0.
  0.  0.  0.  0.  0.  0.  0.  0.  0.  0.  0.  0.  0.  0.  0.  0.  0.  0.
  0.  0.  0.  0.  0.  0.  0.  0.  0.  0.  0.  0.  0.  0.  0.  0.  0.  0.
  0.  0.  0.  0.  0.  0.  0.  0.  0.  0.  0.  0.  0.  0.  0.  0.  0.  0.
  0.  0.  0.  0.  0.  0.  0.  0.  0.]