[ 0.  0.  0.  0.  0.  0.  0.  0.  0.  0.  0.  0.  0.  0.  0.  0.  0.  0.
  0.  0.  0.  0.  0.  0.  0.  0.  0.  0.  0.  0.  0.  0.  0.  0.  0.  0.
  0.  0.  0.  0.  0.  0.  0.  0.  0.  0.  0.  0.  0.  0.  0.  0.  0.  0.
  0.  0.  0.  0.  0.  0.  0.  0.  0.  0. 17.  0.  0.  0.  7.  0.  0.  0.
  0.  0.  0.  0.  0.  0.  0. 16.  0. 11.  4. 10.  0.  0.  0.  0.  0.  0.
  0.  0.  0.  0. 12.  0.  2.  3. 20.  0.  0.  0.  0.  0.  0.  0.  0.  0.
  0. 14.  6.  5.  1.  0.  0.  0.  0.  0.  0.  0.  0.  0.  0.  0.  8. 18.
 13.  0.  0.  0.  0.  0.  0.  0.  0.  0.  0. 23.  9. 15. 19. 21. 22.  0.
  0.  0.  0.  0.  0.  0.  0.  0.  0.  0.  0.  0.  0.  0.  0.  0.  0.  0.
  0.  0.  0.  0.  0.  0.  0.  0.  0.  0.  0.  0.  0.  0.  0.  0.  0.  0.
  0.  0.  0.  0.  0.  0.  0.  0.  0.  0.  0.  0.  0.  0.  0.  0.  0.  0.
  0.  0.  0.  0.  0.  0.  0.  0.  0.  0.  0.  0.  0.  0.  0.  0.  0.  0.
  0.  0.  0.  0.  0.  0.  0.  0.  0.]