[ 0.  0.  0.  0.  0.  0.  0.  0.  0.  0.  0.  0.  0.  0.  0.  0.  0.  0.
  0.  0.  0.  0.  0.  0.  0.  0.  0.  0.  0.  0.  0.  0.  0.  0.  0.  0.
  0.  0.  0.  0.  0.  0.  0.  0.  0.  0.  0.  0.  0.  0.  0.  0.  0.  0.
  0.  0.  0.  0.  0.  0.  0.  0.  0.  0.  0.  0.  0. 24.  0.  0.  8.  0.
  0.  0.  0.  0.  0.  0.  0.  0.  0.  0. 16.  9.  7. 15. 17. 18.  0.  0.
  0.  0.  0.  0.  0. 10. 19.  0.  5. 21.  0. 31.  0.  0.  0.  0.  0.  0.
  0.  0. 12.  2.  3. 14. 28. 23.  0.  0.  0.  0.  0.  0.  0.  0.  0. 13.
  1.  4. 22. 27.  0. 25.  0.  0.  0.  0.  0.  0.  0.  0.  6. 20.  0. 11.
  0.  0.  0. 26.  0.  0.  0.  0.  0.  0.  0.  0.  0. 29.  0.  0.  0.  0.
  0.  0.  0.  0.  0.  0.  0.  0.  0. 30.  0.  0.  0.  0.  0.  0.  0.  0.
  0.  0.  0.  0.  0.  0.  0.  0.  0.  0.  0.  0.  0.  0.  0.  0.  0.  0.
  0.  0.  0.  0.  0.  0.  0.  0.  0.  0.  0.  0.  0.  0.  0.  0.  0.  0.
  0.  0.  0.  0.  0.  0.  0.  0.  0.]