[ 0.  0.  0.  0.  0.  0.  0.  0.  0.  0.  0.  0.  0.  0.  0.  0.  0.  0.
  0.  0.  0.  0.  0.  0.  0.  0.  0.  0.  0.  0.  0.  0.  0.  0.  0.  0.
  0.  0.  0.  0.  0.  0.  0.  0.  0.  0.  0.  0.  0.  0.  0.  0.  0.  0.
  0.  0.  0.  0.  0.  0.  0.  0.  0.  0.  0.  0. 21.  0.  0.  0.  0.  0.
  0.  0.  0.  0.  0.  0.  0.  0. 10. 19.  2.  0.  6.  0.  0.  0.  0.  0.
  0.  0.  0.  0.  0. 18.  3.  1.  4.  0. 12.  0.  0.  0.  0.  0.  0.  0.
  0.  0.  0. 17.  7.  8.  5.  0.  0.  0.  0.  0.  0.  0.  0.  0.  0. 16.
 15. 13.  9.  0.  0.  0.  0.  0.  0.  0.  0.  0.  0.  0.  0. 20. 11.  0.
  0.  0.  0.  0.  0.  0.  0.  0.  0.  0.  0.  0.  0. 14.  0.  0.  0.  0.
  0.  0.  0.  0.  0.  0.  0.  0.  0.  0.  0.  0.  0.  0.  0.  0.  0.  0.
  0.  0.  0.  0.  0.  0.  0.  0.  0.  0.  0.  0.  0.  0.  0.  0.  0.  0.
  0.  0.  0.  0.  0.  0.  0.  0.  0.  0.  0.  0.  0.  0.  0.  0.  0.  0.
  0.  0.  0.  0.  0.  0.  0.  0.  0.]