[ 0.  0.  0.  0.  0.  0.  0.  0.  0.  0.  0.  0.  0.  0.  0.  0.  0.  0.
  0.  0.  0.  0.  0.  0.  0.  0.  0.  0.  0.  0.  0.  0.  0.  0.  0.  0.
  0.  0.  0.  0.  0.  0.  0.  0.  0.  0.  0.  0.  0.  0.  0.  0.  0.  0.
  0.  0.  0.  0.  0.  0.  0.  0.  0.  0.  8.  0.  0.  0.  0.  0.  0.  0.
  0.  0.  0.  0.  0.  0.  0.  0.  7.  4.  0.  6.  0.  0.  0.  0.  0.  0.
  0.  0.  0.  0.  0.  0.  1.  2.  0. 18.  0.  0.  0.  0.  0.  0.  0.  0.
  0.  0. 10.  9.  3.  5.  0.  0.  0.  0.  0.  0.  0.  0.  0.  0.  0.  0.
 16. 13. 11.  0.  0.  0.  0.  0.  0.  0.  0.  0.  0.  0.  0. 15.  0. 14.
 12.  0.  0.  0.  0.  0.  0.  0.  0.  0.  0. 17.  0.  0.  0.  0.  0.  0.
  0.  0.  0.  0.  0.  0.  0. 19.  0.  0.  0.  0.  0.  0.  0.  0.  0.  0.
  0.  0.  0.  0.  0.  0.  0.  0.  0.  0.  0.  0.  0.  0.  0.  0.  0.  0.
  0.  0.  0.  0.  0.  0.  0.  0.  0.  0.  0.  0.  0.  0.  0.  0.  0.  0.
  0.  0.  0.  0.  0.  0.  0.  0.  0.]