[ 0.  0.  0.  0.  0.  0.  0.  0.  0.  0.  0.  0.  0.  0.  0.  0.  0.  0.
  0.  0.  0.  0.  0.  0.  0.  0.  0.  0.  0.  0.  0.  0.  0.  0.  0.  0.
  0.  0.  0.  0.  0.  0.  0.  0.  0.  0.  0.  0.  0.  0.  0. 14.  0.  0.
  0.  0.  0.  0.  0.  0.  0.  0.  0.  0. 34. 39. 13.  0. 26.  0.  0.  0.
  0.  0.  0.  0.  0.  0. 36. 33. 35.  9. 15. 24. 23.  0.  0.  0.  0.  0.
  0.  0.  0. 38. 31. 37.  5.  2.  7. 22.  0.  0.  0.  0.  0.  0.  0.  0.
 30. 29. 25.  1.  3.  4. 18.  0.  0.  0.  0.  0.  0.  0.  0.  0. 27. 19.
 12. 16.  6.  8. 17.  0.  0.  0.  0.  0.  0.  0. 28. 32.  0.  0.  0.  0.
 20. 10.  0.  0.  0.  0.  0.  0.  0.  0.  0.  0.  0.  0.  0. 21.  0. 11.
  0.  0.  0.  0.  0.  0.  0.  0.  0.  0.  0.  0.  0.  0.  0.  0.  0.  0.
  0.  0.  0.  0.  0.  0.  0.  0.  0.  0.  0.  0.  0.  0.  0.  0.  0.  0.
  0.  0.  0.  0.  0.  0.  0.  0.  0.  0.  0.  0.  0.  0.  0.  0.  0.  0.
  0.  0.  0.  0.  0.  0.  0.  0.  0.]