[ 0.  0.  0.  0.  0.  0.  0.  0.  0.  0.  0.  0.  0.  0.  0.  0.  0.  0.
  0.  0.  0.  0.  0.  0.  0.  0.  0.  0.  0.  0.  0.  0.  0.  0.  0.  0.
  0.  0.  0.  0.  0.  0.  0.  0.  0.  0.  0.  0.  0.  0.  0.  0.  0.  0.
  0.  0.  0.  0.  0.  0.  0.  0.  0.  0.  0.  0.  0.  0.  0.  0.  0.  0.
  0.  0.  0.  0.  0.  0.  0.  0.  0.  0.  0.  0.  0.  0.  0.  0.  0.  0.
  0.  0.  0.  0.  0.  0. 13.  0.  0.  0.  0.  0.  0.  0.  0.  0.  0.  0.
 15.  4.  7.  1.  0.  0.  0.  0.  0.  0.  0.  0.  0.  0.  0.  0. 14.  2.
 11. 19.  0.  0.  0.  0.  0.  0.  0.  0.  0.  0.  0.  3.  6.  5. 10.  0.
  0.  0.  0.  0.  0.  0.  0.  0.  0.  0. 22.  8. 12. 18. 20. 21.  0.  0.
  0.  0.  0.  0.  0.  0.  0.  0.  9.  0. 16.  0.  0.  0.  0.  0.  0.  0.
  0.  0.  0.  0.  0.  0.  0.  0. 17.  0.  0.  0.  0.  0.  0.  0.  0.  0.
  0.  0.  0.  0.  0.  0.  0.  0.  0.  0.  0.  0.  0.  0.  0.  0.  0.  0.
  0.  0.  0.  0.  0.  0.  0.  0.  0.]