[ 0.  0.  0.  0.  0.  0.  0.  0.  0.  0.  0.  0.  0.  0.  0.  0.  0.  0.
  0.  0.  0.  0.  0.  0.  0.  0.  0.  0.  0.  0.  0. 36. 35.  0. 27. 29.
  0.  0.  0.  0.  0.  0.  0.  0.  0.  0.  0. 34.  0. 31. 26.  0.  0.  0.
  0.  0.  0.  0.  0.  0.  0.  0. 33. 32. 30. 28. 16.  7.  0.  0.  0.  0.
  0.  0.  0.  0.  0.  0. 13. 12. 10.  4.  8. 11.  0.  0.  0.  0.  0.  0.
  0.  0.  0. 23. 14.  2.  1. 21. 18.  0.  0.  0.  0.  0.  0.  0.  0.  0.
 17.  6.  5.  3.  9. 20. 19.  0.  0.  0.  0.  0.  0.  0.  0. 24. 15. 22.
  0.  0.  0.  0.  0.  0.  0.  0.  0.  0.  0. 25.  0.  0.  0.  0.  0.  0.
  0.  0.  0.  0.  0.  0.  0.  0.  0.  0.  0.  0.  0.  0.  0.  0.  0.  0.
  0.  0.  0.  0.  0.  0.  0.  0.  0.  0.  0.  0.  0.  0.  0.  0.  0.  0.
  0.  0.  0.  0.  0.  0.  0.  0.  0.  0.  0.  0.  0.  0.  0.  0.  0.  0.
  0.  0.  0.  0.  0.  0.  0.  0.  0.  0.  0.  0.  0.  0.  0.  0.  0.  0.
  0.  0.  0.  0.  0.  0.  0.  0.  0.]