[ 0.  0.  0.  0.  0.  0.  0.  0.  0.  0.  0.  0.  0.  0.  0.  0.  0.  0.
  0.  0.  0.  0.  0.  0.  0.  0.  0.  0.  0.  0.  0.  0.  0.  0.  0.  0.
  0.  0.  0.  0.  0.  0.  0.  0.  0.  0.  0.  0.  0.  0.  0.  0.  0.  0.
  0.  0.  0.  0.  0.  0.  0.  0.  0.  0.  0.  0.  0.  0.  0.  0.  0.  0.
  0.  0.  0.  0.  0.  0.  0. 16.  4.  0.  0.  0.  0.  0.  0.  0.  0.  0.
  0.  0.  0.  0. 14.  6.  2.  1.  0.  0.  0.  0.  0.  0.  0.  0.  0.  0.
  0. 10.  9.  3.  5.  0.  0.  0.  0.  0.  0.  0.  0.  0.  0.  0. 12.  7.
 11.  0.  0.  0.  0.  0.  0.  0.  0.  0.  0.  0.  0.  8. 13.  0.  0.  0.
  0.  0.  0.  0.  0.  0.  0.  0.  0.  0. 15.  0.  0.  0.  0.  0.  0.  0.
  0.  0.  0.  0.  0.  0.  0.  0.  0.  0.  0.  0.  0.  0.  0.  0.  0.  0.
  0.  0.  0.  0.  0.  0.  0.  0.  0.  0.  0.  0.  0.  0.  0.  0.  0.  0.
  0.  0.  0.  0.  0.  0.  0.  0.  0.  0.  0.  0.  0.  0.  0.  0.  0.  0.
  0.  0.  0.  0.  0.  0.  0.  0.  0.]