[ 0.  0.  0.  0.  0.  0.  0.  0.  0.  0.  0.  0.  0.  0.  0.  0.  0.  0.
  0.  0.  0.  0.  0.  0.  0.  0.  0.  0.  0.  0.  0.  0.  0.  0.  0.  0.
  0.  0.  0.  0.  0.  0.  0.  0.  0.  0.  0.  0.  0.  0.  0.  0.  0.  0.
  0.  0.  0.  0.  0.  0.  0.  0.  0.  0.  0.  0.  0.  0.  0.  0.  0.  0.
  0.  0.  0.  0.  0.  0.  0.  0.  0.  7.  0. 28.  0. 26.  0.  0.  0.  0.
  0.  0.  0.  0. 15.  0.  3.  2.  0. 27. 25.  0.  0.  0.  0.  0.  0.  0.
  0.  0. 14.  5.  1.  6. 22. 23.  0. 30.  0.  0.  0.  0.  0.  0.  0.  0.
  8.  9.  4. 16. 19. 29.  0.  0.  0.  0.  0.  0.  0.  0.  0.  0. 10. 11.
 18. 17.  0.  0.  0.  0.  0.  0.  0.  0.  0.  0.  0. 20. 12. 21. 24.  0.
  0.  0.  0.  0.  0.  0.  0.  0.  0.  0.  0. 31. 13. 33.  0.  0.  0.  0.
  0.  0.  0.  0.  0.  0.  0. 32.  0.  0.  0.  0.  0.  0.  0.  0.  0.  0.
  0.  0.  0.  0.  0.  0.  0.  0.  0.  0.  0.  0.  0.  0.  0.  0.  0.  0.
  0.  0.  0.  0.  0.  0.  0.  0.  0.]