[ 0.  0.  0.  0.  0.  0.  0.  0.  0.  0.  0.  0.  0.  0.  0.  0.  0.  0.
  0.  0.  0.  0.  0.  0.  0.  0.  0.  0.  0.  0.  0.  0. 37.  0.  0.  0.
 52. 80. 45.  0.  0.  0.  0.  0.  0.  0.  0. 36.  0.  0.  0. 78. 51. 81.
 18.  0. 63.  0.  0.  0.  0.  0. 26. 77. 74. 76. 14. 79. 17.  0.  6. 62.
  0.  0.  0.  0. 33. 34. 25. 73. 48. 13. 15. 16.  5.  0. 44.  0.  0.  0.
  0.  0. 32.  0. 23. 75.  9.  2.  3. 39. 49. 60. 46. 68.  0.  0.  0. 35.
 22. 21. 19. 11.  1.  4. 53. 57. 50. 71. 47.  0.  0.  0.  0. 30. 20.  0.
  7. 38. 10. 54. 55. 61. 66. 67.  0.  0.  0.  0. 29. 28.  8. 12. 24. 27.
  0. 58. 56. 64. 65.  0.  0.  0.  0.  0.  0. 40. 31.  0.  0.  0.  0. 59.
  0. 69.  0.  0.  0.  0.  0. 41.  0. 42. 72.  0.  0.  0.  0.  0. 70.  0.
  0.  0.  0.  0.  0.  0.  0. 43.  0.  0.  0.  0.  0.  0.  0.  0.  0.  0.
  0.  0.  0.  0.  0.  0.  0.  0.  0.  0.  0.  0.  0.  0.  0.  0.  0.  0.
  0.  0.  0.  0.  0.  0.  0.  0.  0.]