[ 0.  0.  0.  0.  0.  0.  0.  0.  0.  0.  0.  0.  0.  0.  0.  0.  0.  0.
  0.  0.  0.  0.  0.  0. 32.  0.  0.  0.  0.  0.  0.  0.  0.  0.  0. 34.
  0.  0. 31.  0.  0.  0.  0.  0.  0.  0.  0.  0. 12.  0.  0. 33. 29. 35.
 37. 39.  0.  0.  0.  0.  0.  0.  0.  0. 11. 28. 27. 25. 36.  0.  0.  0.
  0.  0.  0.  0.  0.  0.  0. 15.  9.  8.  0.  5.  0.  0.  0.  0.  0.  0.
  0.  0.  0.  0. 30.  6.  3.  2.  0.  0.  0.  0.  0.  0.  0.  0.  0.  0.
  0. 24.  7.  4.  1. 13.  0. 22.  0.  0.  0.  0.  0.  0.  0. 38.  0. 17.
 16. 14. 10. 20. 21.  0.  0.  0.  0.  0.  0.  0.  0.  0.  0.  0. 26. 18.
  0.  0.  0.  0.  0.  0.  0.  0.  0.  0.  0.  0.  0. 23.  0. 19.  0.  0.
  0.  0.  0.  0.  0.  0.  0.  0.  0.  0.  0.  0.  0.  0.  0.  0.  0.  0.
  0.  0.  0.  0.  0.  0.  0.  0.  0.  0.  0.  0.  0.  0.  0.  0.  0.  0.
  0.  0.  0.  0.  0.  0.  0.  0.  0.  0.  0.  0.  0.  0.  0.  0.  0.  0.
  0.  0.  0.  0.  0.  0.  0.  0.  0.]