[ 0.  0.  0.  0. 32.  0.  0.  0.  0.  0.  0.  0.  0.  0.  0.  0.  0.  0.
  0.  0. 31.  0. 26.  0.  0.  0.  0.  0.  0.  0.  0.  0.  0.  0.  0. 36.
 29. 25. 20.  0. 41.  0.  0.  0.  0.  0.  0.  0.  0. 38. 35. 37. 19. 40.
 39.  0.  0.  0.  0.  0.  0.  0.  0.  0. 34. 33. 17. 23. 27. 28.  0.  0.
  0.  0.  0.  0.  0.  0.  0. 10.  7. 18. 21.  0. 30.  0.  0.  0.  0.  0.
  0.  0.  0.  0.  5.  6.  1. 24. 22.  0.  0.  0.  0.  0.  0.  0.  0.  0.
  8.  9.  2. 13.  0.  0.  0.  0.  0.  0.  0.  0.  0.  0.  0.  0.  3. 14.
  4.  0.  0.  0.  0.  0.  0.  0.  0.  0.  0.  0.  0. 11. 15. 16.  0.  0.
  0.  0.  0.  0.  0.  0.  0.  0.  0.  0. 12.  0.  0.  0.  0.  0.  0.  0.
  0.  0.  0.  0.  0.  0.  0.  0.  0.  0.  0.  0.  0.  0.  0.  0.  0.  0.
  0.  0.  0.  0.  0.  0.  0.  0.  0.  0.  0.  0.  0.  0.  0.  0.  0.  0.
  0.  0.  0.  0.  0.  0.  0.  0.  0.  0.  0.  0.  0.  0.  0.  0.  0.  0.
  0.  0.  0.  0.  0.  0.  0.  0.  0.]