[ 0.  0.  0.  0.  0.  0.  0.  0.  0.  0.  0.  0.  0.  0.  0.  0.  0.  0.
  0.  0.  0.  0.  0.  0.  0.  0.  0.  0.  0.  0.  0.  0.  0.  0.  0.  0.
  0.  0.  0.  0.  0.  0.  0.  0.  0.  0.  0.  0.  0.  0.  0.  0.  0.  0.
  0.  0.  0.  0.  0.  0.  0.  0.  0.  0.  0.  0.  0.  0.  0.  0.  0.  0.
  0.  0.  0.  0.  0.  0.  0.  0.  6.  8.  9.  4.  0.  0.  0.  0.  0.  0.
  0.  0.  0.  0.  0. 20.  1.  2.  0. 26. 16.  0.  0.  0.  0.  0.  0.  0.
  0.  0. 12.  7.  3. 10. 15.  0.  0.  0.  0.  0.  0.  0.  0.  0.  0. 21.
 22. 17.  5. 11. 18.  0.  0.  0.  0.  0.  0.  0.  0.  0.  0. 24. 23. 19.
 13.  0.  0.  0.  0.  0.  0.  0.  0.  0.  0.  0.  0.  0.  0. 25. 14.  0.
  0.  0.  0.  0.  0.  0.  0.  0.  0.  0.  0.  0. 27.  0.  0.  0.  0.  0.
  0.  0.  0.  0.  0.  0.  0.  0.  0.  0.  0.  0.  0.  0.  0.  0.  0.  0.
  0.  0.  0.  0.  0.  0.  0.  0.  0.  0.  0.  0.  0.  0.  0.  0.  0.  0.
  0.  0.  0.  0.  0.  0.  0.  0.  0.]