[ 0.  0.  0.  0.  0.  0.  0.  0.  0.  0.  0.  0.  0.  0.  0.  0.  0.  0.
  0.  0.  0.  0.  0.  0.  0.  0.  0.  0.  0.  0.  0.  0.  0.  0.  0.  0.
  0.  0.  0.  0.  0.  0.  0.  0.  0.  0.  0.  0.  0.  0.  0.  0.  0. 23.
  0.  0.  0.  0.  0.  0.  0.  0.  0.  0.  0.  0. 16. 21. 25.  0. 12.  0.
  0.  0.  0.  0.  0.  0.  0.  0.  0. 15. 18. 17. 11.  0.  0.  0.  0.  0.
  0.  0.  0.  0.  0. 24. 13. 20.  9. 19.  0.  0.  0.  0.  0.  0.  0.  0.
  0.  0.  6.  5.  1.  3.  8. 22.  0.  0.  0.  0.  0.  0.  0.  0.  0.  0.
  7.  2.  4.  0.  0.  0.  0.  0.  0.  0.  0.  0.  0.  0. 10. 14.  0.  0.
  0.  0.  0.  0.  0.  0.  0.  0.  0.  0.  0.  0.  0.  0.  0.  0.  0.  0.
  0.  0.  0.  0.  0.  0.  0.  0.  0.  0.  0.  0.  0.  0.  0.  0.  0.  0.
  0.  0.  0.  0.  0.  0.  0.  0.  0.  0.  0.  0.  0.  0.  0.  0.  0.  0.
  0.  0.  0.  0.  0.  0.  0.  0.  0.  0.  0.  0.  0.  0.  0.  0.  0.  0.
  0.  0.  0.  0.  0.  0.  0.  0.  0.]