[ 0.  0.  0.  0.  0.  0.  0.  0.  0.  0.  0.  0.  0.  0.  0.  0.  0.  0.
  0.  0.  0.  0.  0.  0.  0.  0.  0.  0.  0.  0.  0.  0.  0.  0. 22. 24.
  0.  0.  0.  0.  0.  0.  0.  0.  0.  0.  0. 20.  0. 21.  0. 30.  0.  0.
  0.  0.  0.  0.  0.  0.  0.  0. 35. 19.  9. 29. 33. 34.  0.  0.  0.  0.
  0.  0.  0.  0.  0. 23.  0. 17.  8.  0.  0.  0.  0.  0.  0.  0.  0.  0.
  0. 25. 28. 27.  5. 13.  6.  0.  0.  0.  0.  0.  0.  0.  0. 26.  0. 31.
  0. 16.  4.  1.  3.  0.  0.  0.  0.  0.  0.  0.  0. 32.  0.  0.  7. 12.
  2. 18.  0.  0.  0.  0.  0.  0.  0.  0.  0.  0.  0.  0. 10.  0.  0.  0.
  0.  0.  0.  0.  0.  0.  0.  0.  0.  0. 11. 14.  0.  0.  0.  0.  0.  0.
  0.  0.  0.  0.  0.  0.  0.  0. 15.  0.  0.  0.  0.  0.  0.  0.  0.  0.
  0.  0.  0.  0.  0.  0.  0.  0.  0.  0.  0.  0.  0.  0.  0.  0.  0.  0.
  0.  0.  0.  0.  0.  0.  0.  0.  0.  0.  0.  0.  0.  0.  0.  0.  0.  0.
  0.  0.  0.  0.  0.  0.  0.  0.  0.]