[ 0.  0.  0.  0.  0.  0.  0.  0.  0. 53.  0.  0.  0.  0.  0.  0.  0.  0.
  0.  0.  0.  0.  0. 52.  0.  0.  0.  0.  0.  0.  0.  0.  0.  0.  0. 49.
  0. 50.  0.  0.  0.  0.  0.  0.  0.  0.  0.  0.  0.  0. 14. 26. 35. 32.
  0.  0.  0.  0.  0.  0.  0.  0. 67. 54. 56. 30. 13. 17.  0.  0.  0.  0.
  0.  0.  0. 70.  0. 62.  0. 51. 22. 25. 11.  6.  0. 45.  0.  0.  0.  0.
  0. 68. 60. 59. 55. 31. 15.  2.  3. 16. 42. 29.  0.  0.  0.  0.  0. 66.
  0. 33.  8.  7.  1.  5.  9. 10.  0. 48.  0.  0.  0.  0.  0. 34. 57. 61.
  4.  0. 21. 20. 12. 18. 46. 47.  0.  0.  0.  0.  0. 58.  0. 63. 41. 40.
 23. 27. 28. 19.  0.  0.  0.  0.  0.  0.  0. 69. 43. 64.  0. 39. 24. 36.
 38.  0.  0.  0.  0.  0.  0.  0. 44. 65.  0.  0.  0.  0. 37.  0.  0.  0.
  0.  0.  0.  0.  0.  0.  0.  0.  0.  0.  0.  0.  0.  0.  0.  0.  0.  0.
  0.  0.  0.  0.  0.  0.  0.  0.  0.  0.  0.  0.  0.  0.  0.  0.  0.  0.
  0.  0.  0.  0.  0.  0.  0.  0.  0.]