[ 0.  0.  0.  0.  0.  0.  0.  0. 56.  0.  0.  0.  0.  0.  0.  0.  0.  0.
  0.  0. 48.  0.  0. 55. 44.  0.  0.  0.  0.  0.  0.  0.  0.  0.  0.  0.
 47.  0. 43.  0.  0.  0.  0.  0.  0.  0.  0.  0.  0.  0. 52. 49. 41. 51.
 53. 54.  0.  0.  0.  0.  0.  0.  0.  0. 40.  0.  9.  0. 45.  0.  0.  0.
  0.  0.  0.  0.  0.  0.  0.  0. 39. 50.  4. 57. 23.  0.  0.  0.  0.  0.
  0.  0.  0.  0. 42.  0. 37.  3.  2. 14. 46.  0.  0.  0.  0.  0.  0. 38.
 36.  0.  0. 20.  1.  7.  8.  0.  0.  0.  0.  0.  0.  0.  0. 35.  0.  0.
 19.  5.  0. 24. 10.  0.  0.  0.  0.  0.  0.  0.  0. 33. 30. 13.  6. 18.
 12.  0. 11.  0.  0.  0.  0.  0.  0.  0.  0. 17. 15.  0. 26. 25.  0.  0.
  0.  0.  0.  0.  0.  0.  0. 16.  0. 21. 27. 28.  0.  0.  0.  0.  0.  0.
  0.  0.  0.  0.  0.  0. 22. 34. 29.  0.  0.  0.  0.  0.  0.  0.  0.  0.
  0.  0.  0.  0.  0.  0. 31.  0.  0.  0.  0.  0.  0.  0.  0.  0.  0.  0.
  0.  0.  0.  0. 32.  0.  0.  0.  0.]