[ 0.  0.  0.  0.  0.  0.  0.  0.  0.  0.  0.  0.  0.  0.  0.  0.  0.  0.
  0.  0.  0.  0.  0.  0.  0.  0.  0.  0.  0.  0.  0.  0.  0.  0.  0.  0.
  0.  0.  0.  0.  0.  0.  0.  0.  0.  0.  0.  0.  0.  0.  0.  0.  0.  0.
  0.  0.  0.  0.  0.  0.  0.  0.  0.  0.  0.  0. 43.  0.  0.  0.  0.  0.
  0.  0.  0.  0.  0.  0.  0.  0. 27. 41. 50. 40.  0.  0.  0.  0.  0.  0.
  0.  0.  0.  0. 45.  4. 44. 42. 39.  0.  0.  0.  0.  0.  0.  0.  0.  0.
  0.  0. 26.  1.  2. 37.  0. 12.  0.  0.  0.  0.  0.  0.  0.  0. 46. 16.
 15.  3.  7.  9. 10.  0.  0.  0.  0.  0.  0.  0. 48. 47. 24. 18. 19.  5.
  0. 29.  0.  0.  0.  0.  0.  0. 49. 33. 34. 25. 17. 11.  8.  6.  0. 38.
  0.  0.  0.  0.  0.  0.  0. 32. 20. 13. 21. 28.  0.  0.  0.  0.  0.  0.
  0.  0.  0.  0.  0. 14.  0. 22. 23.  0.  0.  0.  0.  0.  0.  0.  0.  0.
  0.  0.  0. 30.  0.  0. 35.  0.  0.  0.  0.  0.  0.  0.  0.  0.  0. 31.
  0.  0.  0.  0. 36.  0.  0.  0.  0.]