[ 0.  0.  0.  0.  0.  0.  0.  0.  0.  0.  0.  0.  0.  0.  0.  0.  0.  0.
  0.  0.  0.  0.  0.  0.  0.  0.  0.  0.  0.  0.  0.  0.  0.  0.  0.  0.
  0.  0.  0.  0.  0.  0.  0.  0.  0.  0.  0.  0.  0.  0.  0.  0.  0.  0.
  0.  0.  0.  0.  0.  0.  0.  0.  0.  0.  0.  0.  0.  0.  0.  0.  0.  0.
  0.  0.  0.  0.  0.  0.  0.  0.  0.  0.  0. 14. 10.  0.  0.  0.  0.  0.
  0.  0.  0.  0.  0.  0. 12.  1.  5.  6.  0.  0.  0.  0.  0.  0.  0.  0.
 18. 15. 17. 11.  3.  2.  0.  0.  0.  0.  0.  0.  0.  0.  0.  0.  0. 13.
  9.  4.  8.  0.  0.  0.  0.  0.  0.  0.  0.  0.  0. 24. 19.  7. 21. 23.
 25.  0.  0.  0.  0.  0.  0.  0.  0.  0.  0. 20.  0. 16. 22.  0.  0.  0.
  0.  0.  0.  0.  0.  0.  0.  0.  0.  0.  0.  0.  0.  0.  0.  0.  0.  0.
  0.  0.  0.  0.  0.  0.  0.  0.  0.  0.  0.  0.  0.  0.  0.  0.  0.  0.
  0.  0.  0.  0.  0.  0.  0.  0.  0.  0.  0.  0.  0.  0.  0.  0.  0.  0.
  0.  0.  0.  0.  0.  0.  0.  0.  0.]