[ 0.  0.  0.  0.  0.  0.  0.  0.  0.  0.  0.  0.  0.  0.  0.  0.  0.  0.
  0.  0.  0.  0.  0.  0.  0.  0.  0.  0.  0.  0.  0.  0.  0.  0.  0.  0.
  0.  0.  0.  0.  0.  0.  0.  0.  0.  0.  0.  0.  0.  0.  0.  0.  0.  0.
  0.  0.  0.  0.  0.  0.  0.  0. 22.  0.  0.  0. 19. 25.  0.  0.  0.  0.
  0.  0.  0.  0.  0. 24. 21. 23.  5.  0.  8.  7.  0.  0.  0.  0.  0.  0.
  0.  0.  0.  0. 17.  3.  1.  4. 11.  0.  0.  0.  0.  0.  0.  0.  0.  0.
 20.  0. 15.  2.  9.  0.  0.  0.  0.  0.  0.  0.  0.  0.  0.  0.  0.  6.
 13. 12. 10.  0.  0.  0.  0.  0.  0.  0.  0.  0. 27. 26. 14. 16. 18.  0.
  0.  0.  0.  0.  0.  0.  0.  0.  0. 28.  0.  0.  0.  0.  0.  0.  0.  0.
  0.  0.  0.  0.  0.  0.  0.  0.  0.  0.  0.  0.  0.  0.  0.  0.  0.  0.
  0.  0.  0.  0.  0.  0.  0.  0.  0.  0.  0.  0.  0.  0.  0.  0.  0.  0.
  0.  0.  0.  0.  0.  0.  0.  0.  0.  0.  0.  0.  0.  0.  0.  0.  0.  0.
  0.  0.  0.  0.  0.  0.  0.  0.  0.]