[ 0.  0.  0.  0.  0.  0.  0.  0.  0.  0.  0.  0.  0.  0.  0.  0.  0.  0.
  0.  0.  0.  0.  0.  0.  0.  0.  0.  0.  0.  0.  0.  0.  0.  0.  0.  0.
  0. 22. 27.  0.  0.  0.  0.  0.  0.  0.  0.  0.  0.  0. 18.  0.  0. 21.
  0. 12.  0.  0.  0.  0.  0.  0.  0.  0.  0.  0. 17. 26. 25. 11.  0.  0.
  0.  0.  0.  0.  0.  0.  0.  0.  0.  0. 15.  7. 20. 19.  0.  0.  0.  0.
  0.  0.  0.  0.  0.  0.  6.  3.  5. 14.  0. 23.  0.  0.  0.  0.  0.  0.
  0.  0.  0.  1.  2. 10. 13.  0.  0. 24.  0.  0.  0.  0.  0.  0.  0.  8.
  4.  0.  9.  0. 16.  0.  0.  0.  0.  0.  0.  0.  0.  0.  0.  0.  0.  0.
  0.  0.  0.  0.  0.  0.  0.  0.  0.  0.  0.  0.  0.  0.  0.  0.  0.  0.
  0.  0.  0.  0.  0.  0.  0.  0.  0.  0.  0.  0.  0.  0.  0.  0.  0.  0.
  0.  0.  0.  0.  0.  0.  0.  0.  0.  0.  0.  0.  0.  0.  0.  0.  0.  0.
  0.  0.  0.  0.  0.  0.  0.  0.  0.  0.  0.  0.  0.  0.  0.  0.  0.  0.
  0.  0.  0.  0.  0.  0.  0.  0.  0.]