[ 0.  0.  0.  0.  0.  0.  0.  0.  0.  0.  0.  0.  0.  0.  0.  0.  0.  0.
  0.  0.  0.  0.  0.  0.  0.  0.  0.  0.  0.  0.  0.  0.  0.  0.  0.  0.
  0.  0.  0.  0.  0.  0.  0.  0.  0.  0.  0.  0.  0.  0.  0.  0.  0.  0.
  0.  0.  0.  0.  0.  0.  0.  0.  0. 14.  0.  0.  0.  6.  0.  0.  0.  0.
  0.  0.  0.  0.  0. 28.  0. 13.  0.  4.  5. 16. 36.  0.  0.  0.  0.  0.
  0.  0.  0. 27. 24. 11.  2.  3. 35.  0.  0.  0.  0.  0.  0.  0.  0.  0.
 39. 23. 10.  9.  1.  0.  0.  0.  0.  0.  0.  0.  0.  0.  0. 22. 21. 15.
 19.  7. 20.  0.  0.  0.  0.  0.  0.  0.  0. 34. 33. 17. 31. 25.  8. 12.
  0.  0.  0.  0.  0.  0.  0.  0.  0. 18. 32.  0. 29. 26.  0.  0.  0.  0.
  0.  0.  0.  0.  0.  0.  0.  0.  0. 30. 37.  0.  0.  0.  0.  0.  0.  0.
  0.  0.  0.  0.  0.  0.  0.  0. 38.  0.  0.  0.  0.  0.  0.  0.  0.  0.
  0.  0.  0.  0.  0.  0.  0.  0.  0.  0.  0.  0.  0.  0.  0.  0.  0.  0.
  0.  0.  0.  0.  0.  0.  0.  0.  0.]