[ 0.  0.  0.  0.  0.  0.  0.  0.  0.  0.  0.  0.  0.  0.  0.  0.  0.  0.
  0.  0.  0.  0.  0.  0.  0.  0.  0.  0.  0.  0.  0.  0.  0.  0.  0.  0.
  0.  0.  0.  0.  0.  0.  0.  0.  0.  0.  0.  0.  0.  0.  0.  0.  0. 22.
  0. 13.  0.  0.  0.  0.  0.  0. 33. 28. 27. 23. 25. 21. 26. 12.  0.  0.
  0.  0.  0.  0.  0.  0. 30.  0.  0.  5. 29.  8.  0.  0.  0.  0.  0.  0.
  0.  0.  0. 16. 32. 19.  2.  6.  7.  0.  0.  0.  0.  0.  0.  0.  0.  0.
 31. 15. 24.  4.  1.  3.  0.  0.  0.  0.  0.  0.  0.  0.  0. 20.  0.  9.
 10. 14.  0.  0.  0.  0.  0.  0.  0.  0.  0.  0.  0.  0.  0. 11. 34.  0.
  0.  0.  0.  0.  0.  0.  0.  0.  0.  0.  0.  0.  0. 17.  0.  0.  0.  0.
  0.  0.  0.  0.  0.  0.  0.  0.  0.  0.  0. 18.  0.  0.  0.  0.  0.  0.
  0.  0.  0.  0.  0.  0.  0.  0.  0.  0.  0.  0.  0.  0.  0.  0.  0.  0.
  0.  0.  0.  0.  0.  0.  0.  0.  0.  0.  0.  0.  0.  0.  0.  0.  0.  0.
  0.  0.  0.  0.  0.  0.  0.  0.  0.]