[ 0.  0.  0.  0.  0.  0.  0.  0.  0.  0.  0.  0.  0.  0.  0.  0.  0.  0.
  0.  0.  0.  0.  0.  0.  0.  0.  0.  0.  0.  0.  0.  0.  0.  0.  0.  0.
  0.  0.  0.  0. 22.  0.  0.  0.  0.  0.  0.  0.  0.  0.  0.  0. 29.  0.
 21.  0.  0.  0.  0.  0.  0.  0.  0.  0.  0. 25. 16. 14. 19.  0.  0.  0.
  0.  0.  0.  0.  0.  0. 27.  0. 24.  0. 13.  0.  0.  0.  0.  0.  0.  0.
  0.  0.  0.  0. 26.  8.  5.  7.  3.  9. 10.  0.  0.  0.  0.  0.  0.  0.
 28.  0. 20.  2.  1.  0. 15.  0.  0.  0.  0.  0.  0.  0. 30.  0.  0.  0.
  4. 11.  6.  0. 17.  0.  0.  0.  0.  0.  0.  0.  0.  0.  0.  0. 12.  0.
  0.  0. 18.  0.  0.  0.  0.  0.  0.  0.  0.  0.  0.  0. 23.  0.  0.  0.
  0.  0.  0.  0.  0.  0.  0.  0.  0.  0.  0.  0.  0.  0.  0.  0.  0.  0.
  0.  0.  0.  0.  0.  0.  0.  0.  0.  0.  0.  0.  0.  0.  0.  0.  0.  0.
  0.  0.  0.  0.  0.  0.  0.  0.  0.  0.  0.  0.  0.  0.  0.  0.  0.  0.
  0.  0.  0.  0.  0.  0.  0.  0.  0.]