[ 0.  0.  0.  0.  0.  0.  0.  0.  0.  0.  0.  0.  0.  0.  0.  0.  0.  0.
  0.  0.  0.  0.  0.  0.  0.  0.  0.  0.  0.  0.  0.  0.  0.  0.  0.  0.
  0.  0.  0.  0.  0.  0.  0.  0.  0.  0.  0.  0. 20.  0.  0.  0.  0.  0.
  0.  0.  0.  0.  0.  0.  0.  0.  0.  0. 19.  0.  0.  0. 16.  0.  0.  0.
  0.  0.  0.  0.  0.  0.  0. 22. 17. 21. 15. 13. 23.  0.  0.  0.  0.  0.
  0.  0.  0.  0.  0.  0.  9. 12.  0.  0.  0.  0.  0.  0.  0.  0.  0.  0.
  0.  0.  5.  8.  1.  0.  0.  0.  0.  0.  0.  0.  0.  0.  0.  0.  7.  6.
  2.  0. 18.  0.  0.  0.  0.  0.  0.  0.  0.  0. 14. 10.  3.  0.  4.  0.
  0.  0.  0.  0.  0.  0.  0.  0.  0. 11.  0.  0.  0.  0.  0.  0.  0.  0.
  0.  0.  0.  0.  0.  0.  0.  0.  0.  0.  0.  0.  0.  0.  0.  0.  0.  0.
  0.  0.  0.  0.  0.  0.  0.  0.  0.  0.  0.  0.  0.  0.  0.  0.  0.  0.
  0.  0.  0.  0.  0.  0.  0.  0.  0.  0.  0.  0.  0.  0.  0.  0.  0.  0.
  0.  0.  0.  0.  0.  0.  0.  0.  0.]