[ 0.  0.  0.  0.  0.  0.  0.  0.  0.  0.  0.  0.  0.  0.  0.  0.  0.  0.
  0.  0.  0.  0.  0.  0.  0.  0.  0.  0.  0.  0.  0.  0.  0.  0.  0.  0.
  0.  0.  0.  0.  0.  0.  0.  0.  0.  0.  0.  0. 25.  0.  0. 52.  0.  0.
  0.  0.  0.  0.  0.  0.  0.  0.  0.  0. 24.  0.  0. 51.  0. 54.  0.  0.
  0.  0.  0.  0.  0.  0.  0.  0. 22. 12. 27.  5. 53. 55. 57.  0.  0.  0.
  0.  0.  0.  0.  0. 23.  2.  1. 10. 47. 56. 44.  0.  0.  0.  0.  0.  0.
 31. 39. 14.  3.  4.  9. 17. 43. 49. 50.  0.  0.  0.  0. 36. 37. 26.  6.
 13.  8.  7. 11. 45. 48.  0.  0.  0.  0.  0. 35. 28. 34. 30.  0. 19. 21.
 18. 15.  0.  0.  0.  0.  0. 40. 29.  0. 38. 32. 20. 41.  0.  0. 46. 16.
  0.  0.  0.  0.  0.  0.  0.  0. 33. 42.  0.  0.  0.  0.  0.  0.  0.  0.
  0.  0.  0.  0.  0.  0.  0.  0.  0.  0.  0.  0.  0.  0.  0.  0.  0.  0.
  0.  0.  0.  0.  0.  0.  0.  0.  0.  0.  0.  0.  0.  0.  0.  0.  0.  0.
  0.  0.  0.  0.  0.  0.  0.  0.  0.]