[ 0.  0.  0.  0.  0.  0.  0.  0.  0.  0.  0.  0.  0.  0.  0.  0.  0.  0.
  0.  0.  0.  0.  0.  0.  0.  0.  0.  0.  0.  0.  0.  0.  0.  0.  0.  0.
  0.  0.  0.  0.  0.  0.  0.  0.  0.  0.  0.  0.  0.  0.  0.  0.  0.  0.
  0.  0.  0.  0.  0.  0.  0.  0.  0.  0.  0.  0.  0.  0.  0.  0.  0. 12.
  0.  0.  0.  0.  0.  0.  0.  0.  0.  0. 16.  0.  0. 11.  0.  0.  0.  0.
  0.  0.  0.  0.  0.  0. 18. 15. 17.  7.  5. 19.  0.  0.  0.  0.  0.  0.
  0.  0.  0.  0.  1.  3.  4.  0.  0.  0.  0.  0.  0.  0.  0.  0.  0.  0.
  0.  9.  2.  0.  0.  0.  0.  0.  0.  0.  0.  0.  0.  0.  0. 10. 13.  8.
  6.  0.  0.  0.  0.  0.  0.  0.  0.  0.  0.  0.  0. 14.  0.  0.  0.  0.
  0.  0.  0.  0.  0.  0.  0.  0.  0.  0.  0.  0.  0.  0.  0.  0.  0.  0.
  0.  0.  0.  0.  0.  0.  0.  0.  0.  0.  0.  0.  0.  0.  0.  0.  0.  0.
  0.  0.  0.  0.  0.  0.  0.  0.  0.  0.  0.  0.  0.  0.  0.  0.  0.  0.
  0.  0.  0.  0.  0.  0.  0.  0.  0.]