[ 0.  0.  0.  0.  0.  0.  0.  0.  0.  0.  0.  0.  0.  0.  0.  0.  0.  0.
  0.  0.  0.  0.  0.  0.  0.  0.  0.  0.  0.  0.  0.  0.  0.  0.  0.  0.
  0.  0.  0.  0.  0.  0.  0.  0.  0.  0.  0.  0.  0.  0.  0.  0.  0.  0.
 39.  0.  0.  0.  0.  0.  0.  0.  0.  0. 42. 22. 40. 20. 38. 41.  0.  0.
  0.  0.  0.  0.  0. 30. 29. 25. 13. 19. 26.  8.  0.  0.  0.  0.  0.  0.
  0.  0.  0. 35. 28.  3. 12.  5. 11.  0.  0.  0.  0.  0.  0.  0.  0.  0.
 36. 15. 14.  1.  2. 21.  0.  0.  0.  0.  0.  0.  0. 32. 31. 17. 27.  7.
  6.  4.  0. 23.  0.  0.  0.  0.  0.  0.  0. 18.  0.  9.  0. 16.  0.  0.
  0. 24.  0.  0.  0.  0.  0.  0.  0. 10. 34.  0.  0.  0.  0.  0.  0.  0.
  0.  0.  0.  0.  0.  0. 37. 33.  0.  0.  0.  0.  0.  0.  0.  0.  0.  0.
  0.  0.  0.  0.  0.  0.  0.  0.  0.  0.  0.  0.  0.  0.  0.  0.  0.  0.
  0.  0.  0.  0.  0.  0.  0.  0.  0.  0.  0.  0.  0.  0.  0.  0.  0.  0.
  0.  0.  0.  0.  0.  0.  0.  0.  0.]