[ 0.  0.  0.  0.  0.  0.  0.  0.  0.  0.  0.  0.  0.  0.  0.  0.  0.  0.
  0.  0.  0.  0.  0.  0.  0.  0.  0.  0.  0.  0.  0.  0.  0.  0.  0.  0.
  0. 21.  0.  0.  0.  0.  0.  0.  0.  0.  0.  0.  0. 19.  0. 20. 15.  0.
  0.  0.  0.  0.  0.  0.  0.  0.  0. 17. 16. 12. 14.  0.  0.  0.  0.  0.
  0.  0.  0.  0.  0.  0. 11. 10.  8.  0.  0.  0.  0.  0.  0.  0.  0.  0.
  0.  0.  0. 18.  4. 13.  1.  0.  0.  0.  0.  0.  0.  0.  0.  0.  0. 22.
  9.  0.  2.  6.  7.  0.  0.  0.  0.  0.  0.  0.  0.  0.  0.  0.  3.  0.
  5.  0.  0.  0.  0.  0.  0.  0.  0.  0.  0.  0.  0.  0.  0.  0.  0.  0.
  0.  0.  0.  0.  0.  0.  0.  0.  0.  0.  0.  0.  0.  0.  0.  0.  0.  0.
  0.  0.  0.  0.  0.  0.  0.  0.  0.  0.  0.  0.  0.  0.  0.  0.  0.  0.
  0.  0.  0.  0.  0.  0.  0.  0.  0.  0.  0.  0.  0.  0.  0.  0.  0.  0.
  0.  0.  0.  0.  0.  0.  0.  0.  0.  0.  0.  0.  0.  0.  0.  0.  0.  0.
  0.  0.  0.  0.  0.  0.  0.  0.  0.]