[ 0.  0.  0.  0.  0.  0.  0.  0.  0.  0.  0.  0.  0.  0.  0.  0.  0.  0.
  0.  0.  0.  0.  0.  0.  0.  0.  0.  0.  0.  0.  0.  0.  0.  0.  0.  0.
  0.  0.  0.  0.  0.  0.  0.  0.  0.  0.  0.  0.  0.  0.  0.  0.  0.  0.
  0.  0.  0.  0.  0.  0.  0.  0.  0.  0. 34.  0.  0.  0.  0.  0.  0.  0.
  0.  0.  0.  0.  0.  0.  0. 10.  7.  0.  0. 18.  0.  0.  0.  0.  0.  0.
 23.  0.  0.  0.  5.  6.  1. 17.  0.  0.  0.  0.  0.  0.  0.  0. 22.  0.
  8.  9.  2. 13. 27.  0.  0.  0.  0.  0.  0.  0.  0.  0. 20. 19.  3. 15.
  4.  0. 33.  0.  0.  0.  0.  0.  0.  0.  0.  0. 14. 11. 26. 24.  0.  0.
 35.  0.  0.  0.  0.  0.  0.  0.  0. 16. 12.  0. 25.  0.  0.  0.  0.  0.
  0.  0.  0.  0.  0.  0. 28.  0. 21.  0.  0.  0.  0.  0.  0.  0.  0.  0.
  0.  0. 29. 30. 32.  0.  0.  0.  0.  0.  0.  0.  0.  0.  0.  0.  0.  0.
 31.  0.  0.  0.  0.  0.  0.  0.  0.  0.  0.  0.  0.  0.  0.  0.  0.  0.
  0.  0.  0.  0.  0.  0.  0.  0.  0.]