[ 0.  0.  0.  0.  0.  0. 88.  0.  0. 92. 80.  0.  0.  0.  0.  0. 59. 69.
 72.  0.  0. 90. 87. 89. 79.  0.  0.  0.  0.  0.  0.  0. 58. 49. 57.  0.
  0.  0. 75. 81. 74.  0.  0.  0.  0.  0.  0. 68. 48.  0. 53. 85. 77. 86.
 73. 94. 96.  0.  0.  0.  0. 55. 54. 22. 52. 70. 71. 78. 15. 91. 27. 93.
 97. 95.  0.  0. 56. 67. 28. 21. 10.  4. 13.  8. 26. 82. 76. 83.  0.  0.
  0. 64. 50. 12. 11.  9.  3.  5.  6. 84.  0.  0.  0.  0.  0. 63. 60. 42.
 29.  0. 16.  1. 20. 14.  0.  0.  0.  0.  0.  0. 61. 62. 51. 41. 30.  7.
  2. 19. 17.  0.  0.  0.  0.  0.  0.  0. 65. 32. 31. 23. 25. 33. 34. 18.
  0.  0.  0.  0.  0.  0. 66.  0.  0. 24.  0. 35.  0. 43.  0. 47.  0.  0.
  0.  0.  0.  0.  0.  0.  0. 36. 38. 39.  0. 44.  0.  0.  0.  0.  0.  0.
  0.  0.  0.  0.  0. 37.  0. 40.  0.  0.  0.  0.  0.  0.  0.  0.  0.  0.
  0. 45.  0.  0.  0.  0.  0.  0.  0.  0.  0.  0.  0.  0.  0. 46.  0.  0.
  0.  0.  0.  0.  0.  0.  0.  0.  0.]