[ 0.  0.  0.  0.  0.  0.  0.  0.  0.  0.  0.  0.  0.  0.  0.  0.  0.  0.
  0.  0.  0.  0.  0.  0.  0.  0.  0.  0.  0.  0.  0.  0.  0.  0.  0.  0.
  0.  0.  0.  0.  0.  0.  0.  0.  0.  0.  0.  0.  0.  0. 28.  0.  0.  0.
  0.  0.  0.  0.  0.  0.  0.  0.  0. 12.  0. 17.  0.  0.  0.  0.  0.  0.
  0.  0.  0.  0.  0.  0.  0. 11. 27. 16.  0.  0.  0.  0.  0.  0.  0.  0.
  0.  0.  0.  0.  0.  9.  0.  6.  3.  0.  0. 23.  0.  0.  0.  0.  0.  0.
 26. 13. 25.  7.  1.  8.  0. 22.  0.  0.  0.  0.  0.  0.  0.  0.  0. 29.
  4.  5.  2. 18.  0.  0.  0.  0.  0.  0.  0.  0.  0.  0.  0.  0. 24. 10.
  0. 19.  0.  0.  0.  0.  0.  0.  0.  0.  0.  0.  0. 20. 14.  0.  0.  0.
  0.  0.  0.  0.  0.  0.  0.  0.  0. 21.  0. 15.  0.  0.  0.  0.  0.  0.
  0.  0.  0.  0.  0.  0.  0.  0.  0.  0.  0.  0.  0.  0.  0.  0.  0.  0.
  0.  0.  0.  0.  0.  0.  0.  0.  0.  0.  0.  0.  0.  0.  0.  0.  0.  0.
  0.  0.  0.  0.  0.  0.  0.  0.  0.]