[ 0.  0.  0.  0.  0.  0.  0.  0.  0.  0.  0.  0.  0.  0.  0.  0.  0.  0.
  0.  0.  0.  0.  0.  0.  0.  0.  0.  0.  0.  0.  0.  0.  0.  0.  0.  0.
  0.  0.  0.  0.  0.  0.  0.  0.  0.  0.  0. 30.  0.  0.  0.  0.  0.  0.
  0.  0.  0.  0.  0.  0.  0.  0.  0. 29. 20. 32. 10. 14. 33.  0.  0.  0.
  0.  0.  0.  0.  0. 45. 26. 19. 25.  9. 27. 28.  0.  0.  0.  0.  0.  0.
  0.  0. 42. 18. 17. 11.  3.  0.  2.  0.  0.  0.  0.  0.  0.  0. 43. 44.
  0. 13.  6.  7.  1. 31. 39.  0.  0.  0.  0.  0.  0.  0. 24. 15. 21. 23.
  5. 12.  4.  0.  0.  0.  0.  0.  0.  0.  0. 16. 35. 22. 34.  8. 36. 37.
  0.  0.  0.  0.  0.  0.  0.  0. 46.  0.  0.  0. 38.  0.  0.  0.  0.  0.
  0.  0.  0.  0.  0.  0.  0.  0. 40.  0.  0.  0.  0.  0.  0.  0.  0.  0.
  0.  0.  0.  0. 41.  0.  0.  0.  0.  0.  0.  0.  0.  0.  0.  0.  0.  0.
  0.  0.  0.  0.  0.  0.  0.  0.  0.  0.  0.  0.  0.  0.  0.  0.  0.  0.
  0.  0.  0.  0.  0.  0.  0.  0.  0.]