[ 0.  0.  0.  0.  0.  0.  0.  0.  0.  0.  0.  0.  0.  0.  0.  0.  0.  0.
  0.  0.  0.  0.  0.  0.  0.  0.  0.  0.  0.  0.  0.  0.  0.  0.  0.  0.
 32.  0.  0.  0.  0.  0.  0.  0.  0.  0.  0.  0.  0. 28.  0. 31.  8.  0.
  0.  0.  0.  0.  0.  0.  0.  0.  0.  0. 20. 27. 29.  7. 30.  0.  0.  0.
  0.  0.  0.  0.  0.  0. 24. 23. 19. 21.  3. 22.  0.  0.  0.  0.  0.  0.
  0.  0.  0.  0.  0. 16. 15.  5. 11. 13. 14.  0.  0.  0.  0.  0.  0.  0.
  0.  0.  2. 33.  1.  9.  4.  0.  0.  0.  0.  0.  0.  0.  0.  0.  0.  0.
 12.  6. 17. 10.  0.  0.  0.  0.  0.  0.  0.  0.  0.  0.  0.  0.  0. 25.
 18.  0.  0.  0.  0.  0.  0.  0.  0.  0.  0.  0.  0.  0. 26.  0.  0.  0.
  0.  0.  0.  0.  0.  0.  0.  0.  0.  0.  0.  0.  0.  0.  0.  0.  0.  0.
  0.  0.  0.  0.  0.  0.  0.  0.  0.  0.  0.  0.  0.  0.  0.  0.  0.  0.
  0.  0.  0.  0.  0.  0.  0.  0.  0.  0.  0.  0.  0.  0.  0.  0.  0.  0.
  0.  0.  0.  0.  0.  0.  0.  0.  0.]