[ 0.  0.  0.  0. 25.  0.  0.  0.  0.  0.  0.  0.  0.  0.  0.  0.  0.  0.
  0. 24.  0.  0.  0.  0.  0.  0.  0.  0.  0.  0.  0.  0.  0. 15. 22.  0.
  0.  0.  0. 19.  0.  0.  0.  0.  0.  0.  0.  0.  0. 14. 13.  0.  0. 18.
  0.  0.  0.  0.  0.  0.  0.  0.  0.  0. 20. 12. 21. 16.  0.  0.  0.  0.
  0.  0.  0.  0.  0.  0.  0. 23.  4.  8.  5.  0.  0.  0.  0.  0.  0.  0.
  0.  0.  0. 28.  0. 10.  3.  2.  0. 34.  0.  0.  0.  0.  0.  0.  0.  0.
  0. 17.  6.  7.  1.  9. 26.  0.  0.  0.  0.  0.  0.  0.  0.  0.  0. 11.
 29. 31. 32.  0.  0.  0.  0.  0.  0.  0.  0.  0.  0.  0.  0. 27.  0.  0.
  0.  0.  0.  0.  0.  0.  0.  0.  0.  0.  0. 33. 30.  0.  0.  0.  0.  0.
  0.  0.  0.  0.  0.  0.  0. 35.  0.  0.  0.  0.  0.  0.  0.  0.  0.  0.
  0.  0.  0.  0.  0.  0.  0.  0.  0.  0.  0.  0.  0.  0.  0.  0.  0.  0.
  0.  0.  0.  0.  0.  0.  0.  0.  0.  0.  0.  0.  0.  0.  0.  0.  0.  0.
  0.  0.  0.  0.  0.  0.  0.  0.  0.]