[ 0.  0.  0.  0.  0.  0.  0.  0.  0.  0.  0.  0.  0.  0.  0.  0.  0.  0.
  0.  0.  0.  0.  0.  0.  0.  0.  0.  0.  0.  0.  0.  0.  0.  0.  0.  0.
 68. 70.  0.  0.  0.  0.  0.  0.  0.  0.  0.  0. 64. 65. 67. 61. 69. 71.
  0.  0.  0.  0.  0.  0.  0.  0.  0.  0. 63. 62. 60. 49.  0.  0.  0.  0.
  0.  0.  0.  0.  0.  0.  0. 66. 51.  6. 50.  4. 15.  0.  0.  0.  0.  0.
  0.  0.  0.  0.  0.  8.  7.  1.  5. 13. 14.  0.  0.  0.  0.  0.  0.  0.
  0. 48.  0.  3.  2. 18. 16. 19.  0.  0.  0.  0.  0. 46.  0.  0.  0. 10.
  9. 30. 17.  0. 34. 32.  0.  0.  0.  0.  0. 45. 24. 23. 21. 11. 20.  0.
 33.  0.  0.  0.  0.  0.  0.  0. 47. 27. 22. 26. 12. 28. 29.  0.  0.  0.
  0.  0.  0.  0.  0.  0. 40. 39. 25. 37. 31. 38.  0.  0.  0.  0.  0.  0.
  0.  0.  0.  0. 44. 41. 35. 43. 57. 56.  0.  0.  0.  0.  0.  0.  0.  0.
 55. 54. 36. 42. 52. 53.  0. 58.  0.  0.  0.  0.  0.  0.  0.  0.  0.  0.
  0.  0.  0.  0.  0. 59.  0.  0.  0.]