[ 0.  0.  0.  0.  0.  0.  0.  0.  0.  0.  0.  0.  0.  0.  0.  0.  0.  0.
  0.  0.  0.  0.  0.  0.  0.  0.  0.  0.  0.  0.  0.  0.  0.  0.  0.  0.
  0.  0.  0.  0.  0.  0.  0.  0.  0.  0.  0.  0.  0.  0.  0.  0.  0.  0.
  0.  0.  0.  0.  0.  0.  0.  0.  0.  0.  0.  0.  0.  0.  0.  0.  0.  0.
  0.  0.  0.  0.  0.  0.  0.  0.  0.  0.  5.  0.  0.  0.  0.  0.  0.  0.
  0.  0.  0.  0. 29.  0.  3.  0.  0. 11. 13.  0.  0.  0.  0.  0.  0.  0.
  0.  0. 28.  0.  1. 34. 10.  0.  0.  0.  0.  0.  0.  0.  0.  0.  0.  7.
  2.  6.  4.  8.  9.  0.  0.  0.  0.  0.  0.  0.  0.  0. 19. 16. 12. 18.
  0.  0.  0.  0.  0.  0.  0.  0.  0.  0.  0. 20. 14. 25. 26. 30.  0.  0.
  0.  0.  0.  0.  0. 24. 23. 21. 15. 17. 22. 32. 27. 31.  0.  0.  0.  0.
  0.  0.  0.  0.  0.  0.  0.  0. 33.  0.  0.  0.  0.  0.  0.  0.  0.  0.
  0.  0.  0.  0.  0.  0.  0.  0.  0.  0.  0.  0.  0.  0.  0.  0.  0.  0.
  0.  0.  0.  0.  0.  0.  0.  0.  0.]