[ 0.  0.  0.  0.  0.  0.  0.  0.  0.  0.  0.  0.  0.  0.  0.  0.  0.  0.
  0. 13.  0.  0.  0.  0.  0.  0.  0.  0.  0.  0.  0.  0.  0.  0.  0. 12.
  0.  0.  0.  0.  0.  0.  0.  0.  0.  0.  0.  0. 19. 18. 14. 10. 16. 17.
  0.  0.  0.  0.  0.  0.  0.  0.  0. 20. 28.  4.  9.  6.  8.  0.  0.  0.
  0.  0.  0.  0.  0. 21.  0.  0. 15.  1.  5.  2. 22.  0.  0.  0.  0.  0.
  0.  0.  0.  0.  0. 39.  7.  3. 24. 11. 23.  0.  0.  0.  0.  0.  0.  0.
  0. 34. 33. 25. 27. 31. 32.  0.  0.  0.  0.  0.  0.  0.  0.  0. 35. 41.
 26. 37. 29. 45.  0.  0.  0.  0.  0.  0.  0.  0. 36. 43. 42. 46. 38. 40.
 30.  0.  0.  0.  0.  0.  0.  0.  0. 44.  0.  0.  0.  0.  0.  0.  0.  0.
  0.  0.  0.  0.  0.  0.  0.  0.  0.  0.  0.  0.  0.  0.  0.  0.  0.  0.
  0.  0.  0.  0.  0.  0.  0.  0.  0.  0.  0.  0.  0.  0.  0.  0.  0.  0.
  0.  0.  0.  0.  0.  0.  0.  0.  0.  0.  0.  0.  0.  0.  0.  0.  0.  0.
  0.  0.  0.  0.  0.  0.  0.  0.  0.]