[ 0.  0.  0.  0.  0.  0.  0.  0.  0.  0.  0.  0.  0.  0.  0.  0.  0.  0.
  0.  0.  0.  0.  0.  0.  0.  0.  0.  0.  0.  0.  0.  0.  0.  0.  0.  0.
  0.  0.  0.  0.  0.  0.  0.  0.  0.  0.  0.  0.  0.  0.  0.  0.  0.  0.
  0.  0.  0.  0.  0.  0.  0.  0.  0.  0.  0.  0.  0.  0.  0.  0.  0.  0.
  0.  0.  0.  0.  0.  0.  0.  0.  0.  0.  0.  0.  0.  0.  0.  0.  0.  0.
  0.  0.  0.  0.  0. 37.  0.  0.  0.  0.  7.  0.  0.  0.  0.  0.  0.  0.
  0. 12. 11.  5.  1.  3.  4. 20.  0.  0.  0.  0.  0.  0.  0.  0.  0. 31.
 10.  0.  2. 13. 23.  0.  0.  0.  0.  0.  0.  0.  0.  0. 29.  0.  6. 19.
 18.  0. 33.  0.  0.  0.  0.  0.  0.  0.  0. 32.  8. 15. 14.  0. 30.  0.
  0.  0.  0.  0.  0. 28. 27. 25.  9. 21. 26.  0. 16.  0.  0.  0.  0.  0.
  0.  0.  0.  0.  0. 22.  0.  0. 24.  0. 17.  0.  0.  0.  0.  0.  0.  0.
  0.  0.  0.  0. 34.  0. 36.  0.  0.  0.  0.  0.  0.  0.  0.  0.  0.  0.
 35.  0.  0.  0. 38.  0.  0.  0.  0.]