[ 0.  0.  0.  0.  0.  0.  0.  0.  0.  0.  0.  0.  0.  0.  0.  0.  0.  0.
  0.  0.  0.  0.  0.  0.  0.  0.  0.  0.  0.  0.  0.  0.  0.  0.  0.  0.
  0.  0.  0.  0.  0.  0.  0.  0.  0.  0.  0.  0.  0.  0.  0.  0.  0.  0.
  0.  0.  0.  0.  0.  0.  0.  0.  0.  0.  0.  0.  0. 28. 36.  0.  0.  0.
  0.  0.  0.  0.  0.  0.  0.  0. 41. 32. 27. 11.  0.  0.  0.  0. 31.  0.
  0.  0.  0.  0. 34. 33.  9.  1.  8.  0. 21.  0. 30.  0.  0.  0.  0.  0.
  0.  0. 35.  2.  5.  4. 20. 18. 24. 25.  0.  0.  0.  0.  0.  0. 37. 39.
  7.  3. 10. 19. 26.  0.  0.  0.  0.  0.  0.  0. 38.  0. 15. 14.  6. 12.
 16. 17. 29.  0.  0.  0.  0.  0.  0.  0.  0. 40. 22.  0. 13.  0.  0.  0.
  0.  0.  0.  0.  0.  0.  0.  0. 23.  0.  0.  0.  0.  0.  0.  0.  0.  0.
  0.  0.  0.  0.  0.  0.  0.  0.  0.  0.  0.  0.  0.  0.  0.  0.  0.  0.
  0.  0.  0.  0.  0.  0.  0.  0.  0.  0.  0.  0.  0.  0.  0.  0.  0.  0.
  0.  0.  0.  0.  0.  0.  0.  0.  0.]