[ 0.  0.  0.  0.  0.  0.  0.  0.  0.  0.  0.  0.  0.  0.  0.  0.  0.  0.
  0.  0.  0.  0.  0.  0.  0.  0.  0.  0.  0.  0.  0.  0.  0.  0.  0.  0.
  0.  0.  0.  0.  0.  0.  0.  0.  0.  0.  0.  0.  0.  0.  0.  0.  0.  0.
  0.  0.  0.  0.  0.  0.  0.  0.  0.  0.  0.  0.  0.  0. 14.  0.  0.  0.
  0.  0.  0.  0.  0.  0.  0.  0.  0. 18. 11.  7.  0.  0.  0.  0.  0.  0.
  0.  0.  0.  0. 22.  0.  3.  0.  2.  0.  0.  0.  0.  0.  0.  0.  0.  0.
  0.  0. 13. 17.  1.  6. 10.  0.  0.  0.  0.  0.  0.  0.  0.  0. 15.  0.
  5.  0.  4.  0. 12.  0.  0.  0.  0.  0.  0.  0. 16.  0.  0. 19. 21.  8.
  0.  0.  0.  0.  0.  0.  0.  0.  0.  0.  0.  0. 20.  0.  9.  0.  0.  0.
  0.  0.  0.  0.  0.  0.  0.  0.  0.  0.  0.  0. 23.  0.  0.  0.  0.  0.
  0.  0.  0.  0.  0.  0.  0.  0.  0.  0.  0.  0.  0.  0.  0.  0.  0.  0.
  0.  0.  0.  0.  0.  0.  0.  0.  0.  0.  0.  0.  0.  0.  0.  0.  0.  0.
  0.  0.  0.  0.  0.  0.  0.  0.  0.]