[ 0.  0.  0.  0.  0.  0.  0.  0.  0.  0.  0.  0.  0.  0.  0.  0.  0.  0.
  0.  0.  0.  0.  0.  0.  0.  0.  0.  0.  0.  0.  0.  0.  0.  0.  0.  0.
  0. 26. 28. 20.  0.  0.  0.  0.  0.  0.  0.  0.  0.  0.  0.  0.  0. 25.
 19.  8.  0.  0.  0.  0.  0.  0.  0.  0.  0.  0.  0.  0. 27.  7.  0.  0.
  0.  0.  0.  0.  0.  0.  0.  0. 11. 16.  0.  5.  9. 21. 22.  0.  0.  0.
  0.  0.  0.  0.  0.  0.  4.  3. 29. 17. 31. 23.  0.  0.  0.  0.  0.  0.
  0.  0.  0.  1.  2. 30. 18.  0.  0. 24.  0.  0.  0.  0.  0.  0.  0.  6.
 14. 15. 10.  0.  0.  0.  0.  0.  0.  0.  0.  0.  0.  0.  0.  0.  0.  0.
 12.  0.  0.  0.  0.  0.  0.  0.  0.  0.  0.  0.  0.  0.  0.  0. 13.  0.
  0.  0.  0.  0.  0.  0.  0.  0.  0.  0.  0.  0.  0.  0.  0.  0.  0.  0.
  0.  0.  0.  0.  0.  0.  0.  0.  0.  0.  0.  0.  0.  0.  0.  0.  0.  0.
  0.  0.  0.  0.  0.  0.  0.  0.  0.  0.  0.  0.  0.  0.  0.  0.  0.  0.
  0.  0.  0.  0.  0.  0.  0.  0.  0.]