[ 0.  0.  0.  0.  0.  0.  0.  0.  0.  0.  0.  0.  0.  0.  0.  0.  0.  0.
  0.  0.  0.  0.  0.  0.  0.  0.  0.  0.  0.  0.  0.  0.  0.  0.  0.  0.
 20.  0.  0.  0.  0.  0.  0.  0.  0.  0.  0.  0.  0.  0.  0. 19. 22.  0.
 10.  0.  0.  0.  0.  0.  0.  0.  0.  0.  0. 33. 13. 16.  9.  0.  0.  0.
  0.  0.  0.  0.  0.  0.  0.  0.  0. 17.  7. 18. 15.  0. 26.  0.  0.  0.
  0.  0.  0.  0.  0.  6.  3.  5. 14. 28. 21.  0.  0.  0.  0.  0.  0.  0.
  0.  0.  1.  2. 12. 31. 25.  0. 23.  0.  0.  0.  0.  0.  0.  0.  8.  4.
  0. 11. 30. 27. 29.  0. 24.  0.  0.  0.  0.  0.  0.  0.  0.  0.  0.  0.
  0. 32.  0.  0.  0.  0.  0.  0.  0.  0.  0.  0.  0.  0.  0.  0.  0.  0.
  0.  0.  0.  0.  0.  0.  0.  0.  0.  0.  0.  0.  0.  0.  0.  0.  0.  0.
  0.  0.  0.  0.  0.  0.  0.  0.  0.  0.  0.  0.  0.  0.  0.  0.  0.  0.
  0.  0.  0.  0.  0.  0.  0.  0.  0.  0.  0.  0.  0.  0.  0.  0.  0.  0.
  0.  0.  0.  0.  0.  0.  0.  0.  0.]