[ 0.  0.  0.  0.  0.  0.  0.  0.  0.  0.  0.  0.  0.  0.  0.  0.  0.  0.
  0.  0.  0. 37.  0.  0.  0.  0.  0.  0.  0.  0.  0.  0.  0.  0.  0.  0.
  0. 36.  0.  0.  0.  0.  0.  0.  0.  0.  0.  0.  0.  0. 38.  0.  0. 34.
 33.  0.  0.  0.  0.  0.  0.  0. 17.  0. 20.  0.  0.  0.  0. 32.  0. 29.
  0.  0.  0.  0.  0.  0. 16.  0. 19.  8. 18. 31. 30. 28.  0.  0.  0.  0.
  0.  0.  0. 40. 10.  5.  9.  1. 11. 12.  0. 35.  0.  0.  0.  0.  0.  0.
  0.  7.  6.  2. 13. 26. 24.  0.  0.  0.  0.  0.  0.  0.  0.  0.  0.  3.
 14.  4. 21. 25.  0.  0.  0.  0.  0.  0.  0.  0.  0.  0.  0. 27. 15.  0.
 22.  0.  0.  0.  0.  0.  0.  0.  0.  0.  0.  0. 23. 39.  0.  0.  0.  0.
  0.  0.  0.  0.  0.  0.  0.  0.  0.  0.  0. 41.  0.  0.  0.  0.  0.  0.
  0.  0.  0.  0.  0.  0.  0.  0.  0.  0.  0.  0.  0.  0.  0.  0.  0.  0.
  0.  0.  0.  0.  0.  0.  0.  0.  0.  0.  0.  0.  0.  0.  0.  0.  0.  0.
  0.  0.  0.  0.  0.  0.  0.  0.  0.]