[ 0.  0.  0.  0.  0.  0.  0.  0.  0.  0.  0.  0.  0.  0.  0.  0.  0.  0.
  0.  0.  0.  0.  0.  0.  0.  0.  0.  0.  0.  0.  0.  0.  0.  0.  0.  0.
  0.  0.  0.  0.  0.  0.  0.  0.  0.  0.  0.  0.  0.  0.  0.  0.  0.  0.
  0.  0.  0.  0.  0.  0.  0.  0.  0.  0.  0.  0. 20.  0.  0.  0.  0.  0.
  0.  0.  0.  0.  0.  0. 10. 18.  6. 19.  8.  0.  0.  0.  0.  0.  0.  0.
  0.  0.  0.  0.  9.  0.  5.  0.  2.  0.  0.  0.  0.  0.  0.  0.  0.  0.
 16. 15.  7. 13.  1. 14.  0.  0.  0.  0.  0.  0.  0.  0.  0.  0. 17.  0.
  3.  0.  4.  0.  0.  0.  0.  0.  0.  0.  0.  0.  0.  0.  0. 21. 11.  0.
  0.  0.  0.  0.  0.  0.  0.  0.  0.  0.  0.  0.  0.  0. 12.  0.  0.  0.
  0.  0.  0.  0.  0.  0.  0.  0.  0.  0.  0.  0.  0.  0.  0.  0.  0.  0.
  0.  0.  0.  0.  0.  0.  0.  0.  0.  0.  0.  0.  0.  0.  0.  0.  0.  0.
  0.  0.  0.  0.  0.  0.  0.  0.  0.  0.  0.  0.  0.  0.  0.  0.  0.  0.
  0.  0.  0.  0.  0.  0.  0.  0.  0.]