[ 0.  0.  0.  0.  0.  0.  0.  0.  0.  0.  0.  0.  0.  0.  0.  0.  0.  0.
  0.  0.  0.  0.  0.  0.  0.  0.  0.  0.  0.  0.  0.  0.  0.  0.  0.  0.
  0.  0.  0.  0.  0.  0.  0.  0.  0.  0.  0.  0.  0.  0.  0.  0.  0.  0.
  0.  0.  0.  0.  0.  0.  0.  0.  0.  0.  0.  0.  0.  0.  0.  0.  0.  0.
  0.  0.  0.  0.  0.  0.  0.  0.  0.  0.  0.  0.  0.  0.  0.  0.  0.  0.
  0.  0.  0.  0.  0. 13.  0.  0.  0.  0.  0.  0.  0.  0.  0.  0.  0.  0.
  0.  0.  0. 10.  1.  9.  7.  0.  0.  0.  0.  0.  0.  0.  0.  0.  0.  0.
  2.  4.  5.  0. 19.  0.  0.  0.  0.  0.  0.  0.  0.  0. 23. 11.  3. 12.
  8.  0.  0.  0.  0.  0.  0.  0.  0.  0.  0.  0.  6. 17. 16. 14.  0.  0.
  0.  0.  0.  0.  0.  0.  0.  0.  0.  0. 18. 25.  0. 15.  0.  0.  0.  0.
  0.  0.  0.  0.  0.  0. 20.  0. 22.  0.  0.  0.  0.  0.  0.  0.  0.  0.
  0.  0. 21.  0.  0.  0. 24.  0.  0.  0.  0.  0.  0.  0.  0.  0.  0.  0.
  0.  0.  0.  0. 26.  0.  0.  0.  0.]