[ 0.  0.  0.  0.  0.  0.  0.  0.  0.  0.  0.  0.  0.  0.  0.  0.  0.  0.
  0.  0.  0.  0.  0.  0.  0.  0.  0.  0.  0.  0.  0.  0.  0.  0.  0.  0.
  0.  0.  0.  0.  0.  0.  0.  0.  0.  0.  0.  0.  0.  0.  0.  0.  0.  0.
  0.  0.  0.  0.  0.  0.  0.  0.  0.  0.  0.  0.  0.  0. 27.  0.  0.  0.
  0.  0.  0.  0.  0.  0.  0.  0. 18. 11.  0. 25.  0.  0.  0.  0.  0.  0.
  0.  0.  0.  0.  6.  5.  3. 19. 23. 24.  0.  0.  0.  0.  0.  0.  0.  0.
  0.  9.  2.  1. 13. 17. 22.  0.  0.  0.  0.  0.  0.  0.  0. 12. 15. 14.
  4.  8. 21. 20.  0.  0.  0.  0.  0.  0.  0.  0.  0.  0. 10. 16.  7. 26.
  0.  0.  0.  0.  0.  0.  0.  0.  0.  0.  0.  0.  0.  0.  0.  0.  0.  0.
  0.  0.  0.  0.  0.  0.  0.  0.  0.  0.  0.  0.  0.  0.  0.  0.  0.  0.
  0.  0.  0.  0.  0.  0.  0.  0.  0.  0.  0.  0.  0.  0.  0.  0.  0.  0.
  0.  0.  0.  0.  0.  0.  0.  0.  0.  0.  0.  0.  0.  0.  0.  0.  0.  0.
  0.  0.  0.  0.  0.  0.  0.  0.  0.]