[ 0.  0.  0.  0.  0.  0.  0.  0.  0.  0.  0.  0.  0.  0.  0.  0.  0.  0.
  0. 65.  0.  0.  0.  0.  0.  0.  0.  0.  0.  0.  0.  0.  0.  0. 64. 63.
  0. 56.  0.  0.  0.  0.  0.  0.  0.  0.  0.  0.  0.  0.  0. 55.  0.  0.
  0.  0.  0.  0.  0.  0.  0.  0.  0. 52.  0. 53. 15. 61.  0. 30.  0.  0.
  0.  0.  0.  0.  0. 42.  0. 51. 46. 38.  6. 11.  0. 23.  0.  0.  0.  0.
  0.  0.  0. 41. 28. 45. 37.  5. 10. 62. 22.  0.  0.  0.  0.  0. 58. 54.
 36. 35.  9. 29.  1.  4. 14. 18. 20. 21.  0.  0.  0.  0. 57. 34. 33. 31.
 27.  3.  2. 19. 16.  0.  0.  0.  0.  0.  0.  0. 43. 32. 47. 39.  7. 12.
  0. 24. 17.  0.  0.  0.  0.  0. 44.  0. 49. 48. 40.  8. 13.  0. 25.  0.
  0.  0.  0.  0.  0.  0. 50.  0. 59.  0.  0.  0. 26.  0.  0.  0.  0.  0.
  0.  0.  0.  0.  0.  0. 60.  0.  0.  0.  0.  0.  0.  0.  0.  0.  0.  0.
  0.  0.  0.  0.  0.  0.  0.  0.  0.  0.  0.  0.  0.  0.  0.  0.  0.  0.
  0.  0.  0.  0.  0.  0.  0.  0.  0.]