[ 0.  0.  0.  0.  0.  0.  0.  0.  0.  0.  0.  0.  0.  0.  0.  0.  0.  0.
  0.  0.  0.  0.  0.  0.  0.  0.  0.  0.  0.  0.  0.  0.  0.  0.  0.  0.
  0.  0.  0.  0.  0.  0.  0.  0.  0.  0.  0.  0.  0.  0.  0.  0.  0.  0.
  0.  0.  0.  0.  0.  0.  0.  0.  0.  0.  0.  0.  0.  0.  0.  0.  0.  0.
  0.  0.  0.  0.  0.  0.  0.  0.  0.  0.  0.  0.  0.  0.  0.  0.  0.  0.
  0.  0.  0.  0.  9. 17.  1.  6.  0.  0.  0.  0.  0.  0.  0.  0.  0.  0.
  0. 11.  2.  3. 12. 21.  0.  0.  0.  0.  0.  0.  0.  0.  0.  0.  0.  5.
  4.  7.  0.  0.  0.  0.  0.  0.  0.  0.  0.  0.  0. 14. 10. 15.  8. 18.
  0.  0.  0.  0.  0.  0.  0.  0.  0.  0. 13. 19.  0. 16.  0.  0.  0.  0.
  0.  0.  0.  0.  0.  0.  0. 23.  0. 20.  0.  0.  0.  0.  0.  0.  0.  0.
  0.  0.  0.  0.  0. 22.  0.  0.  0.  0.  0.  0.  0.  0.  0.  0.  0.  0.
  0.  0.  0.  0.  0.  0.  0.  0.  0.  0.  0.  0.  0.  0.  0.  0.  0.  0.
  0.  0.  0.  0.  0.  0.  0.  0.  0.]