[ 0.  0.  0.  0.  0.  0.  0.  0.  0.  0.  0.  0.  0.  0.  0.  0.  0.  0.
  0.  0. 46.  0.  0.  0.  0.  0.  0.  0.  0.  0.  0.  0.  0.  0.  0.  0.
 45.  0.  0.  0.  0.  0.  0.  0.  0.  0. 35.  0.  0.  0.  0.  0. 33.  0.
 42.  0.  0.  0.  0.  0.  0.  0. 34. 27.  0.  0. 32.  0. 43. 41. 47. 48.
  0.  0.  0.  0.  0.  0. 26. 29. 28.  6.  8.  0. 21. 20.  0.  0.  0.  0.
  0.  0.  0. 24. 30.  7.  3.  4. 49. 19. 44.  0.  0.  0.  0.  0.  0. 23.
 22. 12. 10.  2.  5.  1. 37. 39. 40.  0.  0.  0.  0.  0. 31. 16. 15. 11.
  9. 13. 14. 38.  0.  0.  0.  0.  0.  0.  0.  0. 25.  0.  0. 17.  0. 36.
  0.  0.  0.  0.  0.  0.  0.  0.  0.  0.  0. 18.  0.  0.  0.  0.  0.  0.
  0.  0.  0.  0.  0.  0.  0.  0.  0.  0.  0.  0.  0.  0.  0.  0.  0.  0.
  0.  0.  0.  0.  0.  0.  0.  0.  0.  0.  0.  0.  0.  0.  0.  0.  0.  0.
  0.  0.  0.  0.  0.  0.  0.  0.  0.  0.  0.  0.  0.  0.  0.  0.  0.  0.
  0.  0.  0.  0.  0.  0.  0.  0.  0.]