[ 0.  0.  0.  0.  0.  0.  0.  0.  0.  0.  0.  0.  0.  0.  0.  0.  0.  0.
  0.  0.  0.  0.  0.  0.  0.  0.  0.  0.  0.  0.  0.  0.  0.  0.  0.  0.
  0.  0.  0.  0.  0.  0.  0.  0.  0.  0.  0.  0.  0.  0.  0.  0.  0.  0.
  0.  0.  0.  0.  0.  0.  0. 38. 39. 37. 23. 31. 29. 36.  0.  0.  0.  0.
  0.  0.  0.  0.  0.  0. 19. 22. 28. 27. 13.  0.  0.  0.  0.  0.  0.  0.
  0.  0.  0.  0. 18. 30.  8.  5.  3.  7.  9. 10.  0.  0.  0.  0. 35. 34.
 26. 20. 12. 11.  1.  2.  0.  0.  0.  0.  0.  0.  0.  0. 32.  0. 14. 15.
  4.  6.  0.  0.  0.  0.  0.  0.  0.  0. 33.  0. 24. 21.  0.  0. 16.  0.
  0.  0.  0.  0.  0.  0.  0.  0. 25.  0.  0.  0.  0.  0. 17.  0.  0.  0.
  0.  0.  0.  0.  0.  0.  0.  0.  0.  0.  0.  0.  0.  0.  0.  0.  0.  0.
  0.  0.  0.  0.  0.  0.  0.  0.  0.  0.  0.  0.  0.  0.  0.  0.  0.  0.
  0.  0.  0.  0.  0.  0.  0.  0.  0.  0.  0.  0.  0.  0.  0.  0.  0.  0.
  0.  0.  0.  0.  0.  0.  0.  0.  0.]