[ 0.  0.  0.  0.  0.  0.  0.  0.  0.  0.  0.  0.  0.  0.  0.  0.  0.  0.
  0.  0.  0.  0.  0.  0.  0.  0.  0.  0.  0.  0.  0.  0.  0.  0.  0.  0.
  0.  0.  0.  0.  0.  0.  0.  0.  0.  0.  0.  0.  0.  0.  0.  0.  0. 17.
  0.  0.  0.  0.  0.  0.  0.  0. 27.  0. 24.  0.  0. 16.  0. 12.  0.  0.
  0.  0.  0.  0.  0.  0. 23. 22. 20.  8.  0. 11.  0.  0.  0.  0.  0.  0.
  0.  0.  0.  0. 25. 10.  7.  9.  0. 13. 14.  0.  0.  0.  0.  0.  0.  0.
  0. 18. 21.  1.  0.  0.  0. 15.  0.  0.  0.  0.  0.  0.  0. 19.  0.  2.
  5.  4.  0.  0.  0.  0.  0.  0.  0.  0.  0.  0.  0.  0.  0.  3. 26.  0.
  0.  0.  0.  0.  0.  0.  0.  0.  0.  0.  0.  0.  6.  0.  0.  0.  0.  0.
  0.  0.  0.  0.  0.  0.  0.  0.  0.  0.  0.  0.  0.  0.  0.  0.  0.  0.
  0.  0.  0.  0.  0.  0.  0.  0.  0.  0.  0.  0.  0.  0.  0.  0.  0.  0.
  0.  0.  0.  0.  0.  0.  0.  0.  0.  0.  0.  0.  0.  0.  0.  0.  0.  0.
  0.  0.  0.  0.  0.  0.  0.  0.  0.]