[ 0.  0.  0.  0.  0.  0.  0.  0.  0.  0.  0.  0.  0.  0.  0.  0.  0.  0.
  0.  0.  0.  0.  0.  0.  0.  0.  0.  0.  0.  0.  0.  0.  0.  0.  0.  0.
  0.  0.  0.  0.  0.  0.  0.  0.  0.  0.  0.  0.  0.  0.  0.  0.  0.  0.
  0.  0.  0.  0.  0.  0.  0.  0.  0.  0.  0.  0.  0.  0.  0. 15.  0.  0.
  0.  0.  0.  0.  0.  0.  0.  0.  0. 19.  0.  8.  0.  0.  0.  0.  0.  0.
  0.  0.  0.  0.  0.  0.  6.  2.  3.  0.  0.  0.  0.  0.  0.  0.  0.  0.
  0.  0.  0. 12.  1.  7. 11. 13. 14.  0.  0.  0.  0.  0.  0.  0.  0. 16.
  4.  0.  5.  0.  0.  0.  0.  0.  0.  0.  0.  0.  0. 17.  0. 18.  0.  9.
  0.  0.  0.  0.  0.  0.  0.  0.  0.  0.  0.  0. 20.  0. 10.  0.  0.  0.
  0.  0.  0.  0.  0.  0.  0.  0.  0.  0.  0.  0.  0.  0.  0.  0.  0.  0.
  0.  0.  0.  0.  0.  0.  0.  0.  0.  0.  0.  0.  0.  0.  0.  0.  0.  0.
  0.  0.  0.  0.  0.  0.  0.  0.  0.  0.  0.  0.  0.  0.  0.  0.  0.  0.
  0.  0.  0.  0.  0.  0.  0.  0.  0.]