[ 0.  0.  0.  0.  0.  0.  0.  0.  0.  0.  0.  0.  0.  0.  0.  0.  0.  0.
  0.  0.  0.  0.  0.  0.  0.  0.  0.  0.  0.  0.  0.  0.  0.  0.  0.  0.
  0.  0.  0.  0.  0.  0.  0.  0.  0.  0.  0.  0.  0.  0.  0.  0.  0.  0.
  0.  0.  0.  0.  0.  0.  0.  0.  0.  0.  0.  0.  0. 13.  0.  0.  0.  0.
  0.  0.  0.  0.  0.  0.  0.  0. 15.  4. 11. 10.  0.  0.  0.  0.  0.  0.
  0.  0.  0.  0.  0.  8.  7.  1.  5.  0.  0.  0.  0.  0.  0.  0.  0.  0.
  0.  0. 12.  9.  2.  3.  0.  0.  0.  0.  0.  0.  0.  0.  0.  0. 21. 14.
 18. 20.  6. 22.  0.  0.  0.  0.  0.  0.  0.  0.  0.  0. 16.  0.  0.  0.
  0.  0.  0.  0.  0.  0.  0.  0.  0.  0. 19. 17.  0.  0.  0.  0.  0.  0.
  0.  0.  0.  0.  0.  0.  0.  0.  0.  0.  0.  0.  0.  0.  0.  0.  0.  0.
  0.  0.  0.  0.  0.  0.  0.  0.  0.  0.  0.  0.  0.  0.  0.  0.  0.  0.
  0.  0.  0.  0.  0.  0.  0.  0.  0.  0.  0.  0.  0.  0.  0.  0.  0.  0.
  0.  0.  0.  0.  0.  0.  0.  0.  0.]