[ 0.  0.  0.  0.  0.  0.  0.  0.  0.  0.  0.  0.  0.  0.  0.  0.  0.  0.
  0.  0.  0.  0.  0.  0.  0.  0.  0.  0.  0.  0.  0.  0.  0.  0.  0.  0.
  0.  0.  0.  0.  0.  0.  0.  0.  0.  0.  0.  0.  0.  0.  0.  0.  0.  0.
  0.  0.  0.  0.  0.  0.  0.  0.  0.  0.  0.  0.  0.  0.  0.  0.  0.  0.
  0.  0.  0.  0.  0.  0.  0.  0.  0.  6.  0.  0.  0.  0.  0.  0.  0.  0.
  0.  0.  0.  0.  9.  2.  0. 20.  0.  0.  0.  0.  0.  0.  0.  0.  0.  0.
 15.  4.  3.  1.  0. 18. 17.  0.  0.  0.  0.  0.  0.  0.  0.  7.  8.  5.
 11.  0. 16.  0.  0.  0.  0.  0.  0.  0.  0.  0.  0. 13. 10.  0. 12.  0.
  0.  0.  0.  0.  0.  0.  0.  0.  0. 19.  0.  0. 14.  0.  0.  0.  0.  0.
  0.  0.  0.  0.  0. 21.  0.  0.  0.  0.  0.  0.  0.  0.  0.  0.  0.  0.
  0.  0.  0.  0.  0.  0.  0.  0.  0.  0.  0.  0.  0.  0.  0.  0.  0.  0.
  0.  0.  0.  0.  0.  0.  0.  0.  0.  0.  0.  0.  0.  0.  0.  0.  0.  0.
  0.  0.  0.  0.  0.  0.  0.  0.  0.]