[ 0.  0.  0.  0.  0.  0.  0.  0.  0.  0.  0.  0.  0.  0.  0.  0.  0.  0.
  0.  0.  0.  0.  0.  0.  0.  0.  0.  0.  0.  0.  0.  0.  0.  0.  0.  0.
  0.  0.  0.  0.  0.  0.  0.  0.  0.  0.  0.  0.  0.  0.  0.  0. 15.  0.
  0.  0.  0.  0.  0.  0.  0.  0.  0.  0.  0.  9.  0.  0. 14. 23. 19.  0.
  0.  0.  0.  0.  0.  0.  0.  8.  7.  5.  1.  3.  6.  0. 31.  0.  0.  0.
  0.  0.  0.  0.  0.  0. 11. 10.  2.  4. 12. 13.  0.  0.  0.  0.  0.  0.
  0.  0. 29. 28. 18. 26. 22. 27. 16.  0.  0.  0.  0.  0.  0.  0.  0. 33.
 20. 32. 30. 24. 34.  0. 17.  0.  0.  0.  0.  0.  0.  0. 21.  0.  0.  0.
 25.  0.  0.  0.  0.  0.  0.  0.  0.  0.  0.  0.  0.  0.  0.  0.  0.  0.
  0.  0.  0.  0.  0.  0.  0.  0.  0.  0.  0.  0.  0.  0.  0.  0.  0.  0.
  0.  0.  0.  0.  0.  0.  0.  0.  0.  0.  0.  0.  0.  0.  0.  0.  0.  0.
  0.  0.  0.  0.  0.  0.  0.  0.  0.  0.  0.  0.  0.  0.  0.  0.  0.  0.
  0.  0.  0.  0.  0.  0.  0.  0.  0.]