[ 0.  0.  0.  0.  0.  0.  0.  0.  0.  0.  0.  0.  0.  0.  0.  0.  0.  0.
  0.  0.  0.  0.  0.  0.  0.  0.  0.  0.  0.  0.  0.  0.  0.  0.  0.  0.
  0.  0.  0.  0.  0.  0.  0.  0.  0.  0.  0.  0.  0.  0.  0.  0.  0.  0.
  0.  0.  0.  0.  0.  0.  0.  0.  0.  0.  0.  0.  0.  0.  0.  0.  0.  0.
  0.  0.  0.  0.  0.  0.  0.  0.  0. 15.  0.  0.  0.  0.  0.  0.  0.  0.
  0.  0.  0.  5.  0. 14.  0.  0.  0.  0.  0.  0.  0.  0.  0.  0.  0.  0.
  0.  4.  3.  1. 12.  0.  0.  0.  0.  0.  0.  0.  0. 22. 20. 16. 18.  2.
  0. 13.  0.  0.  0.  0.  0.  0.  0.  0.  0. 17. 21. 19.  9.  6.  8. 10.
 11.  0.  0.  0.  0.  0.  0.  0.  0.  0.  0.  0.  0.  7.  0.  0.  0.  0.
  0.  0.  0.  0.  0.  0.  0.  0.  0.  0.  0.  0.  0.  0.  0.  0.  0.  0.
  0.  0.  0.  0.  0.  0.  0.  0.  0.  0.  0.  0.  0.  0.  0.  0.  0.  0.
  0.  0.  0.  0.  0.  0.  0.  0.  0.  0.  0.  0.  0.  0.  0.  0.  0.  0.
  0.  0.  0.  0.  0.  0.  0.  0.  0.]