[ 0.  0.  0.  0.  0.  0.  0.  0.  0.  0.  0.  0.  0.  0.  0.  0.  0.  0.
  0.  0.  0.  0.  0.  0.  0.  0.  0.  0.  0.  0.  0.  0.  0.  0.  0.  0.
  0.  0.  0.  0.  0.  0.  0.  0.  0.  0.  0.  0.  0.  0.  0.  0.  0.  0.
  0.  0.  0.  0.  0.  0.  0.  0. 25.  0.  0.  0.  0. 12.  0.  0.  0.  0.
  0.  0.  0.  0.  0.  0. 24. 17. 15.  9. 18. 36.  0. 29.  0.  0.  0.  0.
  0.  0.  0.  0. 22.  5.  8.  1. 32. 28.  0.  0.  0.  0.  0.  0.  0.  0.
  0. 11. 16.  2. 31. 26. 30.  0.  0.  0.  0.  0.  0.  0.  0. 13. 19.  3.
 20.  4. 34.  0. 33.  0.  0.  0.  0.  0.  0. 14.  0.  0.  0. 10. 23.  6.
  0.  0.  0.  0.  0.  0.  0.  0.  0.  0.  0. 27. 21.  0. 35.  7.  0.  0.
  0.  0.  0.  0.  0.  0.  0.  0.  0.  0.  0.  0.  0.  0.  0.  0.  0.  0.
  0.  0.  0.  0.  0.  0.  0.  0.  0.  0.  0.  0.  0.  0.  0.  0.  0.  0.
  0.  0.  0.  0.  0.  0.  0.  0.  0.  0.  0.  0.  0.  0.  0.  0.  0.  0.
  0.  0.  0.  0.  0.  0.  0.  0.  0.]