[ 0.  0.  0.  0.  0.  0.  0.  0.  0.  0.  0.  0.  0.  0.  0.  0.  0.  0.
  0.  0.  0.  0.  0.  0.  0.  0.  0.  0.  0.  0.  0.  0.  0.  0.  0.  0.
  0.  0.  0.  0.  0.  0.  0.  0.  0.  0.  0. 24.  0. 22.  0.  0.  0.  0.
  0.  0.  0.  0.  0.  0.  0.  0. 23. 15.  0.  0.  0.  0.  0.  0.  0.  0.
  0.  0.  0. 20.  0. 21. 14. 16.  0.  0.  0.  0.  0.  0.  0.  0.  0.  0.
  0. 19. 13.  6. 11. 10.  0.  0.  0.  0.  0.  0.  0.  0.  0.  0.  0. 17.
  8.  5.  7.  1.  0.  0.  0.  0.  0.  0.  0.  0.  0.  0. 25.  9. 12.  2.
  0.  0.  0.  0.  0.  0.  0.  0.  0.  0.  0.  0.  0.  3.  0.  4.  0.  0.
  0.  0.  0.  0.  0.  0.  0.  0.  0.  0.  0. 18.  0.  0.  0.  0.  0.  0.
  0.  0.  0.  0.  0.  0.  0.  0.  0.  0.  0.  0.  0.  0.  0.  0.  0.  0.
  0.  0.  0.  0.  0.  0.  0.  0.  0.  0.  0.  0.  0.  0.  0.  0.  0.  0.
  0.  0.  0.  0.  0.  0.  0.  0.  0.  0.  0.  0.  0.  0.  0.  0.  0.  0.
  0.  0.  0.  0.  0.  0.  0.  0.  0.]