[ 0.  0.  0.  0.  0.  0.  0.  0.  0.  0.  0.  0.  0.  0.  0.  0.  0.  0.
  0.  0.  0.  0.  0.  0.  0.  0.  0.  0.  0.  0.  0.  0.  0.  0.  0.  0.
  0.  0.  0.  0.  0.  0.  0.  0.  0.  0.  0.  0.  0.  0.  0.  0.  0.  0.
  0.  0.  0.  0.  0.  0.  0.  0.  0.  0.  0.  0.  0.  0.  0.  0.  0.  0.
  0.  0.  0.  0.  0.  0.  0. 28.  0. 12.  2.  0.  0.  0.  0.  0.  0.  0.
  0.  0.  0.  0.  0. 27. 11.  0. 10. 16.  0.  0.  0.  0.  0.  0.  0.  0.
  0.  0.  8.  7.  1.  5.  3.  6.  0.  0.  0.  0.  0.  0.  0.  0.  0.  0.
  9. 15.  4.  0.  0.  0.  0.  0.  0.  0.  0.  0.  0. 24. 23. 13. 19. 21.
 22.  0.  0.  0.  0.  0.  0.  0.  0.  0. 25. 17. 14. 20.  0. 29.  0.  0.
  0.  0.  0.  0.  0.  0. 26. 18.  0.  0.  0.  0.  0.  0.  0.  0.  0.  0.
  0.  0.  0.  0.  0.  0.  0.  0.  0.  0.  0.  0.  0.  0.  0.  0.  0.  0.
  0.  0.  0.  0.  0.  0.  0.  0.  0.  0.  0.  0.  0.  0.  0.  0.  0.  0.
  0.  0.  0.  0.  0.  0.  0.  0.  0.]