[ 0.  0.  0.  0.  0.  0.  0.  0.  0.  0.  0.  0.  0.  0.  0.  0.  0. 32.
  0.  0.  0.  0.  0.  0.  0.  0.  0.  0.  0.  0.  0.  0. 31. 29. 30. 15.
 17.  0.  0.  0.  0.  0.  0.  0.  0.  0.  0. 23. 28.  9. 14.  0.  0.  0.
  0.  0.  0.  0.  0.  0.  0.  0. 21. 20. 16.  8. 18. 19.  0.  0.  0.  0.
  0.  0.  0.  0.  0. 25. 24. 22. 10.  4. 11.  0.  0.  0.  0.  0.  0.  0.
  0.  0. 33. 26.  0. 12.  3.  2.  0.  0.  0.  0.  0.  0.  0.  0.  0.  0.
 27.  0. 13.  1.  5.  6.  0.  0.  0.  0.  0.  0.  0.  0.  0.  0.  0.  0.
  0.  0.  0.  7.  0.  0.  0.  0.  0.  0.  0.  0.  0.  0.  0.  0.  0.  0.
  0.  0.  0.  0.  0.  0.  0.  0.  0.  0.  0.  0.  0.  0.  0.  0.  0.  0.
  0.  0.  0.  0.  0.  0.  0.  0.  0.  0.  0.  0.  0.  0.  0.  0.  0.  0.
  0.  0.  0.  0.  0.  0.  0.  0.  0.  0.  0.  0.  0.  0.  0.  0.  0.  0.
  0.  0.  0.  0.  0.  0.  0.  0.  0.  0.  0.  0.  0.  0.  0.  0.  0.  0.
  0.  0.  0.  0.  0.  0.  0.  0.  0.]