[ 0.  0.  0.  0.  0.  0.  0.  0.  0.  0.  0.  0.  0.  0.  0.  0.  0.  0.
  0.  0.  0.  0.  0.  0.  0.  0.  0.  0.  0.  0.  0.  0.  0.  0.  0.  0.
  0.  0.  0.  0.  0.  0.  0.  0.  0.  0.  0.  0.  0.  0.  0.  0.  0.  0.
  0.  0.  0.  0.  0.  0.  0.  0.  0.  0.  0.  0. 26. 32.  0.  0.  0.  0.
  0.  0.  0.  0.  0.  0.  0. 30.  0. 25.  0.  0.  0.  0.  0.  0.  0.  0.
  0.  0.  0.  0.  0.  9. 23. 21. 24.  0.  0.  0.  0.  0.  0.  0.  0.  0.
  0. 29.  8.  1. 22. 27.  0.  0.  0.  0.  0.  0.  0.  0.  0. 31.  0.  2.
  3.  5. 14. 28.  0.  0.  0.  0.  0.  0.  0. 33.  0.  0.  6.  4.  7. 10.
  0.  0.  0.  0.  0.  0.  0.  0.  0.  0. 17. 20. 13. 11. 19.  0.  0.  0.
  0.  0.  0.  0.  0.  0.  0.  0. 15.  0. 12.  0.  0.  0.  0.  0.  0.  0.
  0.  0.  0.  0. 16.  0. 18.  0.  0.  0.  0.  0.  0.  0.  0.  0.  0.  0.
  0.  0.  0.  0.  0.  0.  0.  0.  0.  0.  0.  0.  0.  0.  0.  0.  0.  0.
  0.  0.  0.  0.  0.  0.  0.  0.  0.]