[ 0.  0.  0.  0.  0.  0.  0.  0.  0.  0.  0.  0.  0.  0.  0.  0.  0.  0.
  0.  0.  0.  0.  0.  0.  0.  0.  0.  0.  0.  0.  0.  0.  0.  0.  0.  0.
  0.  0.  0.  0.  0.  0.  0.  0.  0.  0.  0.  0.  0.  0.  0.  0.  0.  0.
  0.  0.  0.  0.  0.  0.  0.  0. 12.  0.  0.  0.  0.  0.  0.  0.  0.  0.
  0.  0.  0.  0.  0.  0. 11.  0.  0. 13.  0.  0.  0.  0.  0.  0.  0.  0.
  0.  0.  0. 36.  9.  4.  6. 16. 20. 21.  0.  0.  0.  0.  0.  0.  0.  0.
 24.  8.  7.  1. 17. 15. 18.  0.  0.  0.  0.  0.  0.  0.  0. 34.  0.  2.
  5. 22. 19.  0. 23.  0.  0.  0.  0.  0.  0.  0. 28. 27. 25.  3. 10.  0.
  0.  0.  0.  0.  0.  0.  0.  0. 33. 32. 26. 30. 14. 31.  0.  0.  0.  0.
  0.  0.  0.  0.  0.  0. 35.  0. 29.  0.  0.  0.  0.  0.  0.  0.  0.  0.
  0.  0.  0.  0.  0.  0.  0.  0.  0.  0.  0.  0.  0.  0.  0.  0.  0.  0.
  0.  0.  0.  0.  0.  0.  0.  0.  0.  0.  0.  0.  0.  0.  0.  0.  0.  0.
  0.  0.  0.  0.  0.  0.  0.  0.  0.]