[ 0.  0.  0.  0.  0.  0.  0.  0.  0.  0.  0.  0.  0.  0.  0.  0.  0.  0.
  0.  0.  0.  0.  0.  0.  0.  0.  0.  0.  0.  0.  0.  0.  0.  0.  0.  0.
  0.  0.  0.  0.  0.  0.  0.  0.  0.  0.  0.  0.  0.  0.  0.  0.  0.  0.
  0.  0.  0.  0.  0.  0.  0.  0.  0.  0.  0.  0. 16. 13.  0.  0.  0.  0.
  0.  0.  0.  0.  0.  0.  0.  0. 11. 12.  3. 21. 33. 25.  0.  0.  0.  0.
  0.  0.  0.  0. 15. 10.  1.  9.  7. 19. 20.  0.  0.  0.  0.  0.  0.  0.
  0.  0.  4.  5.  2. 18.  8. 22. 23.  0.  0.  0.  0.  0.  0.  0.  0.  0.
  6.  0. 17. 29. 24.  0.  0.  0.  0.  0.  0.  0.  0.  0.  0.  0. 14. 28.
 32. 30. 34.  0.  0.  0.  0.  0.  0.  0.  0.  0.  0.  0. 26.  0. 31.  0.
  0.  0.  0.  0.  0.  0.  0.  0.  0.  0.  0.  0. 27.  0.  0.  0.  0.  0.
  0.  0.  0.  0.  0.  0.  0.  0.  0.  0.  0.  0.  0.  0.  0.  0.  0.  0.
  0.  0.  0.  0.  0.  0.  0.  0.  0.  0.  0.  0.  0.  0.  0.  0.  0.  0.
  0.  0.  0.  0.  0.  0.  0.  0.  0.]