[ 0.  0.  0.  0.  0.  0.  0.  0.  0.  0.  0.  0.  0.  0.  0.  0.  0.  0.
  0.  0.  0.  0.  0.  0. 29.  0.  0.  0.  0.  0.  0.  0.  0.  0.  0.  0.
  0.  0. 13.  0.  0.  0.  0.  0.  0.  0.  0.  0. 26.  0.  0. 16. 27. 14.
  0.  0.  0.  0.  0.  0.  0.  0.  0.  0. 25. 10.  5.  0.  8.  0.  0.  0.
  0.  0.  0.  0.  0.  0.  0.  0. 23.  7.  2.  6.  0.  0.  0.  0.  0.  0.
  0.  0.  0.  0. 28.  0.  3.  1.  4.  0.  0.  0.  0.  0.  0.  0.  0.  0.
  0. 22. 21. 17. 19.  9. 20.  0.  0.  0.  0.  0.  0.  0.  0.  0.  0.  0.
 18. 15. 24. 11.  0.  0.  0.  0.  0.  0.  0.  0.  0.  0.  0.  0.  0.  0.
  0. 12.  0.  0.  0.  0.  0.  0.  0.  0.  0.  0.  0.  0.  0.  0.  0.  0.
  0.  0.  0.  0.  0.  0.  0.  0.  0.  0.  0.  0.  0.  0.  0.  0.  0.  0.
  0.  0.  0.  0.  0.  0.  0.  0.  0.  0.  0.  0.  0.  0.  0.  0.  0.  0.
  0.  0.  0.  0.  0.  0.  0.  0.  0.  0.  0.  0.  0.  0.  0.  0.  0.  0.
  0.  0.  0.  0.  0.  0.  0.  0.  0.]