[ 0.  0.  0.  0.  0.  0.  0.  0.  0.  0.  0.  0.  0.  0.  0.  0.  0.  0.
  0.  0.  0.  0.  0.  0.  0.  0.  0.  0.  0.  0.  0.  0.  0.  0.  0.  0.
  0.  0.  0.  0.  0.  0.  0.  0.  0.  0.  0.  0.  0.  0.  0.  0.  0.  0.
  0.  0.  0.  0.  0.  0.  0.  0.  0.  0.  0.  0.  0.  0.  0.  0.  0.  0.
  0.  0.  0.  0.  0.  0.  0.  0.  0.  0.  0.  0. 12.  0.  0.  0.  0.  0.
  0.  0.  0.  0.  0.  0.  6.  9.  2. 11.  8.  0.  0.  0.  0.  0.  0.  0.
  0.  0.  0.  0.  1.  4.  3.  0.  0.  0.  0.  0.  0.  0.  0.  0.  0.  0.
 20. 10.  5. 16. 22.  0.  0.  0.  0.  0.  0.  0.  0.  0.  0. 31.  7. 27.
 13. 29. 30.  0.  0.  0.  0.  0.  0.  0.  0.  0. 18.  0. 17. 15. 14.  0.
  0.  0.  0.  0.  0.  0.  0.  0. 26. 25. 21. 23. 19. 24.  0.  0.  0.  0.
  0.  0.  0.  0.  0.  0.  0.  0. 28.  0.  0.  0.  0.  0.  0.  0.  0.  0.
  0.  0.  0.  0.  0.  0.  0.  0.  0.  0.  0.  0.  0.  0.  0.  0.  0.  0.
  0.  0.  0.  0.  0.  0.  0.  0.  0.]