[ 0.  0.  0.  0.  0.  0.  0. 44.  0. 50.  0.  0.  0.  0.  0.  0.  0.  0.
  0.  0.  0. 46.  0. 43. 49. 53.  0.  0.  0.  0.  0.  0.  0.  0.  0. 24.
 45. 28. 40. 41. 38. 18.  0.  0.  0.  0.  0.  0.  0.  0.  0. 23. 26. 25.
 39. 17. 36.  0.  0.  0.  0.  0.  0.  0.  0.  0. 11. 19. 20. 15. 37. 35.
 51. 52.  0.  0.  0.  0.  0.  0.  0. 47.  4.  9. 34. 27. 33. 42.  0.  0.
  0.  0.  0.  0.  0.  0. 48.  3.  6. 21.  0. 29.  0.  0.  0.  0.  0.  0.
  0.  0.  0. 16.  1.  2. 10. 22. 31. 30.  0.  0.  0.  0.  0.  0.  0.  0.
  0.  5.  0.  0. 12. 32.  0.  0.  0.  0.  0.  0.  0.  0.  0.  0.  7.  0.
  0.  0. 13.  0.  0.  0.  0.  0.  0.  0.  0.  0.  0.  8. 14.  0.  0.  0.
  0.  0.  0.  0.  0.  0.  0.  0.  0.  0.  0.  0.  0.  0.  0.  0.  0.  0.
  0.  0.  0.  0.  0.  0.  0.  0.  0.  0.  0.  0.  0.  0.  0.  0.  0.  0.
  0.  0.  0.  0.  0.  0.  0.  0.  0.  0.  0.  0.  0.  0.  0.  0.  0.  0.
  0.  0.  0.  0.  0.  0.  0.  0.  0.]