[ 0.  0.  0.  0. 43.  0.  0.  0.  0.  0.  0.  0.  0.  0.  0.  0.  0.  0.
  0. 42.  0. 49.  0.  0.  0.  0.  0.  0.  0.  0.  0.  0.  0.  0. 32. 41.
  0. 28.  0.  0.  0.  0.  0.  0.  0.  0.  0.  0. 39. 40. 31. 33. 27. 24.
  0.  0.  0.  0.  0.  0.  0.  0. 35. 14. 38.  0. 29. 23.  0. 44.  0.  0.
  0.  0.  0.  0.  0.  0. 34. 13. 26. 21. 25. 45. 47. 48.  0.  0.  0.  0.
  0.  0.  0. 36. 18. 11.  4.  1.  3. 46.  0. 50.  0.  0.  0.  0.  0.  0.
 37. 15. 16.  7.  2.  6. 30.  0.  0.  0.  0.  0.  0.  0.  0. 22. 17.  8.
 10.  9.  5.  0.  0.  0.  0.  0.  0.  0.  0.  0.  0.  0.  0.  0. 19. 12.
  0.  0.  0.  0.  0.  0.  0.  0.  0.  0.  0.  0. 20.  0.  0.  0.  0.  0.
  0.  0.  0.  0.  0.  0.  0.  0.  0.  0.  0.  0.  0.  0.  0.  0.  0.  0.
  0.  0.  0.  0.  0.  0.  0.  0.  0.  0.  0.  0.  0.  0.  0.  0.  0.  0.
  0.  0.  0.  0.  0.  0.  0.  0.  0.  0.  0.  0.  0.  0.  0.  0.  0.  0.
  0.  0.  0.  0.  0.  0.  0.  0.  0.]