[ 0.  0.  0.  0.  0.  0.  0.  0.  0.  0.  0.  0.  0.  0.  0.  0.  0.  0.
  0.  0.  0.  0.  0.  0.  0.  0.  0.  0.  0.  0.  0.  0.  0.  0.  0.  0.
  0.  0.  0.  0.  0.  0.  0.  0.  0.  0.  0.  0.  0.  0.  0.  0.  0.  0.
  0.  0.  0.  0.  0.  0.  0.  0.  0.  0.  0. 20.  0.  0.  0.  0.  0.  0.
  0.  0.  0.  0.  0.  0.  0.  0.  0. 19.  0.  0. 38.  0.  9.  0. 27.  0.
  0.  0.  0.  0.  0.  0. 32. 17. 37. 12.  8.  0. 26.  0.  0.  0.  0.  0.
  0. 34. 33. 31.  1.  3.  4. 21. 24.  0.  0.  0.  0.  0.  0.  0.  0. 36.
 29.  5.  2. 15. 16.  0.  0.  0.  0.  0.  0.  0.  0.  0. 35. 11.  6. 22.
 10. 18. 23.  0.  0.  0.  0.  0.  0.  0. 39. 13.  7. 28. 25.  0.  0.  0.
  0.  0.  0.  0.  0.  0.  0. 14.  0. 30.  0.  0.  0.  0.  0.  0.  0.  0.
  0.  0.  0.  0.  0.  0.  0.  0.  0.  0.  0.  0.  0.  0.  0.  0.  0.  0.
  0.  0.  0.  0.  0.  0.  0.  0.  0.  0.  0.  0.  0.  0.  0.  0.  0.  0.
  0.  0.  0.  0.  0.  0.  0.  0.  0.]