[ 0.  0.  0.  0.  0.  0.  0.  0.  0.  0.  0.  0.  0.  0.  0.  0.  0. 46.
  0. 47.  0.  0.  0.  0.  0.  0.  0.  0.  0.  0.  0.  0. 45. 39. 42.  0.
 27. 29. 36.  0.  0.  0.  0.  0.  0.  0.  0. 41. 40. 38.  0. 26.  0. 21.
  0.  0.  0.  0.  0.  0.  0.  0. 43. 37.  0. 22. 24. 14. 25. 64.  0. 66.
  0.  0.  0. 34.  0. 35.  0. 28. 23. 16.  7. 48. 56. 63.  0.  0.  0.  0.
  0. 33. 44. 30.  5. 20.  6. 13. 62. 49. 55. 61.  0.  0.  0.  0. 60. 31.
  0.  0.  4. 17.  1. 65. 54.  0.  0.  0.  0.  0.  0.  0. 59. 19.  8. 18.
  2. 51. 50.  0.  0.  0.  0.  0.  0.  0.  0. 12.  9. 11.  3. 67. 10.  0.
  0.  0.  0.  0.  0.  0.  0.  0.  0.  0. 57. 32. 52.  0. 15.  0.  0.  0.
  0.  0.  0.  0.  0.  0.  0.  0. 53.  0.  0.  0.  0.  0.  0.  0.  0.  0.
  0.  0.  0.  0.  0.  0. 58.  0.  0.  0.  0.  0.  0.  0.  0.  0.  0.  0.
  0.  0.  0.  0.  0.  0.  0.  0.  0.  0.  0.  0.  0.  0.  0.  0.  0.  0.
  0.  0.  0.  0.  0.  0.  0.  0.  0.]