[ 0.  0.  0.  0.  0.  0.  0.  0.  0.  0.  0.  0.  0.  0.  0.  0.  0.  0.
  0.  0.  0.  0.  0.  0.  0.  0.  0.  0.  0.  0.  0.  0.  0.  0.  0.  0.
  0.  0.  0.  0. 26.  0.  0.  0.  0.  0.  0.  0.  0.  0.  0.  0.  0.  0.
 25.  0.  0.  0.  0.  0.  0.  0.  0.  0.  0.  0.  0. 10. 23.  0.  0.  0.
  0.  0.  0.  0.  0.  0.  0.  0.  0.  0.  9. 22.  0.  0.  0.  0.  0.  0.
  0.  0.  0.  0. 30.  0. 13.  1. 20. 27. 19.  0.  0.  0.  0.  0.  0.  0.
  0.  0. 24.  2.  7.  6. 18.  0.  0.  0.  0.  0.  0.  0.  0.  0.  0.  0.
 12.  3. 16.  0.  0.  0.  0.  0.  0.  0.  0.  0.  0.  0. 11.  4.  8. 21.
  0.  0.  0.  0.  0.  0.  0.  0.  0.  0.  0.  0. 14.  5. 28.  0.  0.  0.
  0.  0.  0.  0.  0.  0.  0.  0. 17. 15.  0.  0. 29.  0.  0.  0.  0.  0.
  0.  0.  0.  0.  0.  0.  0.  0.  0.  0.  0.  0.  0.  0.  0.  0.  0.  0.
  0.  0.  0.  0.  0.  0.  0.  0.  0.  0.  0.  0.  0.  0.  0.  0.  0.  0.
  0.  0.  0.  0.  0.  0.  0.  0.  0.]