[ 0.  0.  0.  0.  0.  0.  0.  0.  0.  0.  0.  0.  0.  0.  0.  0.  0.  0.
  0.  0.  0.  0.  0.  0.  0.  0.  0.  0.  0.  0.  0.  0.  0.  0.  0.  0.
  0.  0.  0.  0.  0.  0.  0.  0.  0.  0.  0.  0.  0.  0.  0.  0.  0.  0.
  0. 15.  0.  0.  0.  0.  0.  0.  0.  0.  0.  0.  0.  0.  0. 14.  0.  0.
  0.  0.  0.  0.  0.  0.  0.  0.  6.  0.  0. 12. 18.  0. 25.  0.  0.  0.
  0.  0.  0.  0.  0.  0.  3.  2. 11. 16. 21.  0.  0.  0.  0.  0.  0.  0.
  0.  0.  0.  4.  1.  9. 19. 17. 20.  0.  0.  0.  0.  0.  0.  0.  0. 13.
  0.  0.  5.  0. 22.  0.  0.  0.  0.  0.  0.  0.  0.  0.  0.  0. 23. 10.
  7.  0.  0.  0.  0.  0.  0.  0.  0.  0.  0.  0. 24.  0.  0.  0.  8.  0.
  0.  0.  0.  0.  0.  0.  0.  0.  0.  0.  0.  0.  0.  0.  0.  0.  0.  0.
  0.  0.  0.  0.  0.  0.  0.  0.  0.  0.  0.  0.  0.  0.  0.  0.  0.  0.
  0.  0.  0.  0.  0.  0.  0.  0.  0.  0.  0.  0.  0.  0.  0.  0.  0.  0.
  0.  0.  0.  0.  0.  0.  0.  0.  0.]