[ 0.  0.  0.  0.  0.  0.  0.  0.  0.  0.  0.  0.  0.  0.  0.  0.  0.  0.
  0.  0.  0.  0.  0.  0.  0.  0.  0.  0.  0.  0.  0.  0.  0.  0.  0. 20.
  0.  0.  0.  0.  0.  0.  0.  0.  0.  0.  0.  0.  0. 18. 19.  0. 14. 12.
  0.  0.  0.  0.  0.  0.  0.  0.  0.  0.  0. 17. 24. 11. 29.  0.  0.  0.
  0.  0.  0.  0.  0.  0.  0. 16. 15.  7. 13. 25. 26.  0.  0.  0.  0.  0.
  0.  0.  0.  0.  0.  5.  6.  1. 23.  0.  0.  0.  0.  0.  0.  0.  0.  0.
  0.  9.  8.  2.  0. 21.  0.  0.  0.  0.  0.  0.  0.  0.  0. 10.  0.  3.
  0.  4. 27. 22.  0.  0.  0.  0.  0.  0.  0.  0.  0.  0.  0.  0.  0. 28.
  0.  0.  0.  0.  0.  0.  0.  0.  0.  0.  0.  0.  0.  0.  0.  0.  0.  0.
  0.  0.  0.  0.  0.  0.  0.  0.  0.  0.  0.  0.  0.  0.  0.  0.  0.  0.
  0.  0.  0.  0.  0.  0.  0.  0.  0.  0.  0.  0.  0.  0.  0.  0.  0.  0.
  0.  0.  0.  0.  0.  0.  0.  0.  0.  0.  0.  0.  0.  0.  0.  0.  0.  0.
  0.  0.  0.  0.  0.  0.  0.  0.  0.]