[ 0.  0.  0.  0.  0.  0.  0.  0.  0.  0.  0.  0.  0.  0.  0.  0.  0.  0.
  0.  0.  0.  0.  0.  0. 20.  0.  0.  0.  0.  0.  0.  0.  0. 23.  0.  0.
  0.  0.  0. 19.  0.  0.  0.  0.  0.  0.  0.  0.  0.  9.  6.  2.  8. 10.
 11.  0.  0.  0.  0.  0.  0.  0.  0.  0.  0.  1.  3.  4. 12. 17.  0.  0.
  0.  0.  0.  0.  0.  0.  0.  0. 14.  7.  5. 13. 15. 16.  0.  0.  0.  0.
  0.  0.  0.  0.  0.  0.  0. 21.  0. 18.  0.  0.  0.  0.  0.  0.  0.  0.
  0.  0.  0.  0.  0. 22.  0.  0.  0.  0.  0.  0.  0.  0.  0.  0.  0.  0.
  0.  0.  0.  0.  0.  0.  0.  0.  0.  0.  0.  0.  0.  0.  0.  0.  0.  0.
  0.  0.  0.  0.  0.  0.  0.  0.  0.  0.  0.  0.  0.  0.  0.  0.  0.  0.
  0.  0.  0.  0.  0.  0.  0.  0.  0.  0.  0.  0.  0.  0.  0.  0.  0.  0.
  0.  0.  0.  0.  0.  0.  0.  0.  0.  0.  0.  0.  0.  0.  0.  0.  0.  0.
  0.  0.  0.  0.  0.  0.  0.  0.  0.  0.  0.  0.  0.  0.  0.  0.  0.  0.
  0.  0.  0.  0.  0.  0.  0.  0.  0.]