[ 0.  0.  0.  0.  0.  0.  0.  0.  0.  0.  0.  0.  0.  0.  0.  0.  0.  0.
  0.  0.  0.  0.  0.  0.  0.  0.  0.  0.  0.  0.  0.  0.  0.  0.  0.  0.
  0.  0.  0.  0.  0.  0.  0.  0.  0.  0.  0.  0.  0.  0.  0.  0. 29.  0.
  0.  0.  0.  0.  0.  0.  0.  0.  0.  0.  0.  0.  0.  0. 26.  0.  0.  0.
  0.  0.  0.  0.  0.  0. 35.  0. 37.  0. 22. 25. 18. 16.  0.  0.  0.  0.
  0.  0.  0.  0. 34.  8. 27.  4.  5. 15. 28.  0.  0.  0.  0.  0.  0.  0.
  0.  0. 10.  7.  1.  9. 11. 12. 30.  0.  0.  0.  0.  0.  0.  0.  0. 36.
  6.  3.  2. 17. 21.  0. 31.  0.  0.  0.  0.  0.  0.  0. 38. 13. 32.  0.
 19.  0. 23.  0.  0.  0.  0.  0.  0.  0.  0. 14.  0.  0. 33. 20.  0.  0.
 24.  0.  0.  0.  0.  0.  0.  0.  0.  0.  0.  0.  0.  0.  0.  0.  0.  0.
  0.  0.  0.  0.  0.  0.  0.  0.  0.  0.  0.  0.  0.  0.  0.  0.  0.  0.
  0.  0.  0.  0.  0.  0.  0.  0.  0.  0.  0.  0.  0.  0.  0.  0.  0.  0.
  0.  0.  0.  0.  0.  0.  0.  0.  0.]