[ 0.  0.  0.  0.  0.  0. 36.  0.  0.  0.  0.  0.  0.  0.  0.  0.  0.  0.
  0. 25.  0.  0. 35.  0.  0. 21.  0.  0.  0.  0.  0.  0.  0.  0.  0. 24.
 27.  0. 17. 20. 38.  0.  0.  0.  0.  0.  0.  0.  0.  0.  0. 22.  0. 16.
  9. 37.  0.  0.  0.  0.  0.  0.  0.  0.  0.  0. 26. 18.  8.  0. 33. 32.
  0.  0.  0.  0.  0.  0.  0. 43. 13. 12.  4. 10. 11. 31. 34.  0.  0.  0.
  0.  0.  0.  0.  0. 19.  2.  3. 14. 23. 39.  0.  0.  0.  0.  0.  0.  0.
  0.  0.  6.  5.  1. 15. 28. 40.  0.  0.  0.  0.  0.  0.  0.  0.  7.  0.
  0. 29.  0.  0.  0.  0.  0.  0.  0.  0.  0.  0.  0.  0.  0. 30.  0. 41.
  0.  0.  0.  0.  0.  0.  0.  0.  0.  0.  0.  0.  0.  0.  0. 42.  0.  0.
  0.  0.  0.  0.  0.  0.  0.  0.  0.  0.  0.  0.  0.  0.  0.  0.  0.  0.
  0.  0.  0.  0.  0.  0.  0.  0.  0.  0.  0.  0.  0.  0.  0.  0.  0.  0.
  0.  0.  0.  0.  0.  0.  0.  0.  0.  0.  0.  0.  0.  0.  0.  0.  0.  0.
  0.  0.  0.  0.  0.  0.  0.  0.  0.]