[ 0.  0.  0.  0.  0.  0.  0.  0.  0.  0.  0.  0.  0.  0.  0.  0.  0.  0.
  0.  0.  0. 33.  0.  0.  0.  0.  0.  0.  0.  0.  0.  0.  0.  0.  0.  0.
  0. 30.  0. 19.  0.  0.  0.  0.  0.  0.  0.  0.  0.  0.  0. 23.  0. 18.
  0.  0.  0.  0.  0.  0.  0.  0.  0.  0.  0. 15. 40. 16. 36. 28. 38. 39.
  0.  0.  0.  0.  0.  0.  0. 29.  0. 14.  0. 20.  0. 34.  0.  0.  0.  0.
  0.  0.  0. 31.  0.  8.  0.  6. 37. 27.  0. 35.  0.  0.  0.  0.  0. 32.
 22. 17. 21.  3.  1.  4.  0.  0.  0.  0.  0.  0.  0.  0.  0.  0.  0.  0.
  2.  5.  0. 12.  0.  0.  0.  0.  0.  0.  0.  0.  0.  0.  0.  0. 24.  7.
 11. 13. 25. 26.  0.  0.  0.  0.  0.  0.  0.  0.  0.  0.  0.  9.  0.  0.
  0.  0.  0.  0.  0.  0.  0.  0.  0.  0.  0.  0.  0. 10.  0.  0.  0.  0.
  0.  0.  0.  0.  0.  0.  0.  0.  0.  0.  0.  0.  0.  0.  0.  0.  0.  0.
  0.  0.  0.  0.  0.  0.  0.  0.  0.  0.  0.  0.  0.  0.  0.  0.  0.  0.
  0.  0.  0.  0.  0.  0.  0.  0.  0.]