[ 0.  0.  0.  0.  0.  0.  0.  0.  0.  0.  0.  0.  0.  0.  0.  0.  0.  0.
  0.  0.  0.  0.  0.  0.  0.  0.  0.  0.  0.  0.  0.  0.  0.  0.  0.  0.
  0.  0.  0.  0.  0.  0.  0.  0.  0.  0.  0.  0.  0.  0.  0.  0.  0.  0.
  0.  0.  0.  0.  0.  0.  0.  0.  0.  0.  0.  0. 26.  0. 39. 37.  0.  0.
  0.  0.  0.  0.  0.  0.  0.  0.  0.  0. 19. 12.  6.  0.  0.  0.  0.  0.
  0.  0.  0.  0.  0. 24.  2.  4.  5.  0. 34. 43.  0.  0.  0.  0.  0.  0.
  0.  0. 17. 18.  1. 11. 23. 31. 32.  0.  0.  0.  0.  0.  0.  0.  0. 29.
  3. 10.  9.  0. 27. 42. 40.  0.  0.  0.  0.  0.  0.  0.  7. 15. 16. 13.
 25. 33. 28.  0. 41.  0.  0.  0.  0.  0.  8. 21. 22. 20. 14. 38. 35. 44.
  0.  0.  0.  0.  0.  0.  0.  0. 30.  0.  0.  0.  0. 36. 45.  0.  0.  0.
  0.  0.  0.  0.  0.  0.  0.  0.  0.  0.  0.  0.  0.  0.  0.  0.  0.  0.
  0.  0.  0.  0.  0.  0.  0.  0.  0.  0.  0.  0.  0.  0.  0.  0.  0.  0.
  0.  0.  0.  0.  0.  0.  0.  0.  0.]