[ 0.  0.  0.  0.  0.  0.  0.  0.  0.  0.  0.  0.  0.  0.  0.  0.  0.  0.
  0.  0.  0.  0.  0.  0.  0.  0.  0.  0.  0.  0.  0.  0. 34.  0.  0.  0.
  0.  0.  0.  0.  0.  0.  0.  0.  0.  0.  0.  0. 31.  0. 28.  0.  0.  0.
  0.  0.  0.  0.  0.  0.  0.  0.  0. 30. 33. 27. 45.  0.  0.  0.  0.  0.
  0.  0.  0.  0.  0. 35. 16. 24. 25.  6. 44.  9.  0.  0.  0.  0.  0.  0.
  0.  0. 32. 18. 15. 17.  5.  7.  8. 51. 43.  0.  0.  0.  0.  0.  0. 26.
 20. 19. 13.  1.  2.  0. 42.  0.  0.  0.  0.  0. 38. 29. 37. 23. 21. 10.
  3.  4. 36. 48. 46. 49.  0.  0.  0.  0.  0. 39. 22.  0.  0. 11. 14.  0.
 50.  0. 47.  0.  0.  0.  0. 40.  0.  0.  0.  0. 12. 54. 58. 56. 52.  0.
  0.  0.  0.  0.  0.  0.  0.  0. 41.  0. 55.  0. 57.  0. 53.  0.  0.  0.
  0.  0.  0.  0.  0.  0.  0.  0.  0.  0.  0.  0.  0.  0.  0.  0.  0.  0.
  0.  0.  0.  0.  0.  0.  0.  0.  0.  0.  0.  0.  0.  0.  0.  0.  0.  0.
  0.  0.  0.  0.  0.  0.  0.  0.  0.]