[ 0.  0.  0.  0.  0.  0.  0.  0.  0.  0.  0.  0.  0.  0.  0.  0.  0.  0.
  0.  0.  0.  0.  0.  0.  0.  0.  0.  0.  0.  0.  0.  0.  0.  0. 29.  0.
  0.  0.  0.  0.  0.  0.  0.  0.  0.  0.  0.  0.  0.  0. 28. 25.  0.  0.
  0.  0.  0.  0.  0.  0.  0.  0.  0.  0.  0.  0. 26.  0.  0.  0.  0.  0.
  0.  0.  0.  0.  0.  0.  0.  0.  0.  7. 24. 19. 23.  0. 32.  0.  0.  0.
  0.  0.  0.  0.  0.  4. 21.  8. 20. 30. 31. 36.  0.  0.  0.  0.  0.  0.
  0.  6.  5.  1. 10.  9. 27. 35. 33. 37.  0.  0.  0.  0.  0.  0.  0.  2.
 22.  3. 17. 13. 18.  0. 34.  0.  0.  0.  0.  0.  0.  0.  0.  0.  0. 11.
  0. 14.  0.  0.  0.  0.  0.  0.  0.  0.  0.  0.  0. 15.  0. 12.  0.  0.
  0.  0.  0.  0.  0.  0.  0.  0.  0. 16.  0.  0.  0.  0.  0.  0.  0.  0.
  0.  0.  0.  0.  0.  0.  0.  0.  0.  0.  0.  0.  0.  0.  0.  0.  0.  0.
  0.  0.  0.  0.  0.  0.  0.  0.  0.  0.  0.  0.  0.  0.  0.  0.  0.  0.
  0.  0.  0.  0.  0.  0.  0.  0.  0.]