[ 0.  0.  0.  0.  0.  0.  0.  0.  0.  0.  0.  0.  0.  0.  0.  0.  0.  0.
  0.  0.  0.  0.  0.  0.  0.  0.  0.  0.  0.  0.  0.  0.  0.  0.  0.  0.
  0.  0.  0.  0.  0.  0.  0.  0.  0.  0.  0.  0.  0.  0.  0.  0.  0.  0.
  0.  0.  0.  0.  0.  0.  0.  0.  0.  0.  0.  0.  0.  0.  0.  0.  0.  0.
  0.  0.  0.  0.  0.  0.  0.  0.  0.  0. 23.  0.  0.  0.  0.  0.  0.  0.
  0.  0. 31. 29. 24.  4. 22. 28.  5.  0.  0.  0.  0.  0.  0.  0.  0. 32.
 30. 26. 18.  2.  1. 10. 25.  0.  0.  0.  0.  0.  0.  0.  0.  0. 14.  7.
  3.  8. 21.  0.  0.  0.  0.  0.  0.  0.  0.  0.  0. 27.  6. 12. 11.  9.
 19.  0.  0.  0.  0.  0.  0.  0.  0.  0.  0. 13. 16.  0. 15.  0.  0.  0.
  0.  0.  0.  0.  0.  0.  0.  0.  0.  0. 17.  0.  0.  0.  0.  0.  0.  0.
  0.  0.  0.  0.  0.  0. 20.  0.  0.  0.  0.  0.  0.  0.  0.  0.  0.  0.
  0.  0.  0.  0.  0.  0.  0.  0.  0.  0.  0.  0.  0.  0.  0.  0.  0.  0.
  0.  0.  0.  0.  0.  0.  0.  0.  0.]