[ 0.  0.  0.  0.  0.  0.  0.  0.  0.  0.  0.  0.  0.  0.  0.  0.  0.  0.
  0.  0. 25.  0.  0.  0.  0.  0.  0.  0.  0.  0.  0.  0.  0.  0. 14.  0.
 24.  0.  0.  0.  0.  0.  0.  0.  0.  0.  0.  0.  0.  0. 13.  0. 10.  0.
  0.  0.  0.  0.  0.  0.  0.  0.  0.  0.  0.  0. 11.  9. 22. 19.  0.  0.
  0.  0.  0.  0.  0.  0.  0.  0.  0.  0.  7.  0.  4. 15.  0.  0.  0.  0.
  0.  0.  0.  0. 41.  0.  0.  5.  3.  6. 23.  0.  0.  0.  0.  0.  0.  0.
  0.  0. 34. 32.  1.  2. 12. 30.  0.  0.  0.  0.  0.  0.  0.  0.  0. 29.
 28.  8. 26. 20. 27.  0.  0.  0.  0.  0.  0.  0.  0.  0. 33. 16. 18.  0.
 21.  0.  0.  0.  0.  0.  0.  0.  0. 40. 39. 17. 31. 37. 38.  0.  0.  0.
  0.  0.  0.  0.  0.  0.  0.  0. 35.  0.  0.  0. 42.  0.  0.  0.  0.  0.
  0.  0.  0.  0.  0. 36.  0.  0.  0.  0.  0.  0.  0.  0.  0.  0.  0.  0.
  0.  0.  0.  0.  0.  0.  0.  0.  0.  0.  0.  0.  0.  0.  0.  0.  0.  0.
  0.  0.  0.  0.  0.  0.  0.  0.  0.]