[ 0.  0.  0.  0.  0.  0.  0.  0.  0.  0.  0.  0.  0.  0.  0.  0.  0.  0.
  0.  0.  0.  0.  0.  0.  0.  0.  0.  0.  0.  0.  0.  0.  0.  0.  0.  0.
  0.  0. 19.  0.  0.  0.  0.  0.  0.  0.  0.  0.  0.  0.  0.  0. 17.  0.
  0.  0.  0.  0.  0.  0.  0.  0.  0.  0.  0. 10. 11. 16. 15.  0.  0.  0.
  0.  0.  0.  0.  0.  0.  0.  0.  9.  0. 14.  0.  0.  0.  0.  0.  0.  0.
  0.  0.  0.  0.  7.  8. 12.  0.  0.  0.  0.  0.  0.  0.  0.  0.  0.  0.
 18.  0.  6.  5.  1.  0.  0.  0.  0.  0.  0.  0.  0.  0.  0.  0. 13.  0.
  2.  3.  0.  0.  0.  0.  0.  0.  0.  0.  0.  0.  0.  0.  0.  0.  4.  0.
  0.  0.  0.  0.  0.  0.  0.  0.  0.  0.  0.  0.  0.  0.  0.  0.  0.  0.
  0.  0.  0.  0.  0.  0.  0.  0.  0.  0.  0.  0.  0.  0.  0.  0.  0.  0.
  0.  0.  0.  0.  0.  0.  0.  0.  0.  0.  0.  0.  0.  0.  0.  0.  0.  0.
  0.  0.  0.  0.  0.  0.  0.  0.  0.  0.  0.  0.  0.  0.  0.  0.  0.  0.
  0.  0.  0.  0.  0.  0.  0.  0.  0.]