[ 0.  0.  0.  0.  0.  0.  0.  0.  0.  0.  0.  0.  0.  0.  0.  0.  0.  0.
  0.  0.  0.  0.  0. 54.  0.  0.  0.  0.  0.  0.  0.  0.  0.  0.  0. 41.
  0. 50.  0. 35.  0.  0.  0.  0.  0.  0.  0.  0.  0.  0. 45. 40. 46. 34.
 44. 47.  0.  0.  0.  0.  0.  0.  0.  0.  0.  0. 31. 32. 37. 48. 52. 53.
  0.  0.  0.  0.  0.  0.  0.  0.  0. 30. 27. 36. 49. 51. 57. 55. 58.  0.
  0.  0.  0.  0.  0. 10. 28. 29. 26. 38. 25. 61.  0. 56.  0.  0.  0.  0.
  0. 33.  5.  6.  1.  0. 24. 39. 59.  0.  0.  0.  0.  0.  0.  0.  0.  9.
  2.  8. 20. 23. 22.  0. 60.  0.  0.  0.  0.  0.  0.  0.  3.  7.  4. 11.
 21.  0. 42.  0.  0.  0.  0.  0.  0. 19. 18. 16. 14. 12. 17.  0.  0.  0.
 43.  0.  0.  0.  0.  0.  0.  0. 15.  0. 13.  0.  0.  0.  0.  0.  0.  0.
  0.  0.  0.  0.  0.  0.  0.  0.  0.  0.  0.  0.  0.  0.  0.  0.  0.  0.
  0.  0.  0.  0.  0.  0.  0.  0.  0.  0.  0.  0.  0.  0.  0.  0.  0.  0.
  0.  0.  0.  0.  0.  0.  0.  0.  0.]