[ 0.  0.  0.  0.  0.  0.  0.  0.  0.  0.  0.  0.  0.  0.  0.  0.  0.  0.
  0.  0.  0.  0.  0.  0.  0.  0.  0.  0.  0.  0.  0.  0. 22.  0.  0.  0.
  0.  0.  0.  0.  0.  0.  0.  0.  0.  0.  0.  0. 21.  0.  0.  0.  0.  0.
  0.  0.  0.  0.  0.  0.  0.  0.  0.  0. 15.  0. 20.  0.  0.  0.  0.  0.
  0.  0.  0.  0.  0.  0.  0. 14. 17. 19.  0.  0.  0.  0.  0.  0.  0.  0.
  0.  0. 31. 32.  4.  3.  1. 12.  0.  0.  0.  0.  0.  0.  0.  0.  0.  0.
 30.  6.  2.  7. 18.  0.  0. 37.  0.  0.  0.  0.  0.  0.  0.  0. 10.  9.
  5. 13. 34. 33.  0.  0.  0.  0.  0.  0.  0.  0.  0. 11. 16.  8.  0. 23.
  0.  0.  0.  0.  0.  0.  0.  0.  0. 25.  0.  0. 28. 27.  0. 24.  0.  0.
  0.  0.  0.  0.  0. 26.  0.  0.  0. 35. 29.  0.  0.  0.  0.  0.  0.  0.
  0.  0.  0.  0.  0. 36.  0.  0.  0.  0.  0.  0.  0.  0.  0.  0.  0.  0.
  0.  0.  0.  0.  0.  0.  0.  0.  0.  0.  0.  0.  0.  0.  0.  0.  0.  0.
  0.  0.  0.  0.  0.  0.  0.  0.  0.]