[ 0.  0.  0.  0.  0.  0.  0.  0.  0.  0.  0.  0.  0.  0.  0.  0.  0.  0.
  0.  0.  0. 50.  0.  0.  0.  0.  0.  0.  0.  0.  0.  0.  0.  0.  0.  0.
 45. 49.  0. 54.  0.  0.  0.  0.  0.  0.  0.  0. 65. 56. 64. 20. 44. 47.
 46. 24.  0.  0.  0.  0.  0.  0.  0. 62. 61. 55. 59. 19. 42. 23.  0. 14.
  0.  0.  0.  0.  0. 31.  0. 52. 63. 53. 22. 15. 16. 13.  7.  0.  0.  0.
  0.  0.  0. 30.  0. 51. 57. 21. 58.  5.  6. 48.  0.  0.  0.  0.  0.  0.
  0. 28. 27. 25.  1.  3.  4. 17. 43. 39.  0.  0.  0.  0.  0.  0.  0. 26.
 60. 11.  2. 32. 10. 18. 33.  0.  0.  0.  0.  0.  0.  0.  0. 12.  8. 35.
 34. 38.  0.  0.  0.  0.  0.  0.  0.  0.  0.  0.  9. 29.  0. 36.  0.  0.
  0.  0.  0.  0.  0.  0.  0.  0.  0.  0.  0. 40. 37.  0.  0.  0.  0.  0.
  0.  0.  0.  0.  0.  0.  0. 41.  0.  0.  0.  0.  0.  0.  0.  0.  0.  0.
  0.  0.  0.  0.  0.  0.  0.  0.  0.  0.  0.  0.  0.  0.  0.  0.  0.  0.
  0.  0.  0.  0.  0.  0.  0.  0.  0.]