[ 0.  0.  0.  0.  0.  0.  0.  0.  0.  0.  0.  0.  0.  0.  0.  0.  0.  0.
  0.  0.  0.  0.  0.  0.  0.  0.  0.  0.  0.  0.  0.  0.  0.  0.  0.  0.
  0.  0.  0.  0.  0.  0.  0.  0.  0.  0.  0.  0.  0.  0.  0. 12.  0. 22.
  0.  0.  0.  0.  0.  0.  0.  0.  0. 26.  0.  8. 11. 21.  0.  0.  0.  0.
  0.  0.  0.  0.  0.  0. 19. 25. 29.  7. 27.  4.  0.  0.  0.  0.  0.  0.
  0.  0.  0.  0. 14. 13.  9.  3.  0. 20.  0.  0.  0.  0.  0.  0.  0.  0.
  0. 15. 18.  1. 28.  5.  0.  0.  0.  0.  0.  0.  0.  0.  0. 16. 17.  2.
 10. 23.  0.  6.  0.  0.  0.  0.  0.  0.  0.  0.  0.  0.  0.  0.  0. 24.
  0.  0.  0.  0.  0.  0.  0.  0.  0.  0.  0.  0.  0.  0.  0.  0.  0.  0.
  0.  0.  0.  0.  0.  0.  0.  0.  0.  0.  0.  0.  0.  0.  0.  0.  0.  0.
  0.  0.  0.  0.  0.  0.  0.  0.  0.  0.  0.  0.  0.  0.  0.  0.  0.  0.
  0.  0.  0.  0.  0.  0.  0.  0.  0.  0.  0.  0.  0.  0.  0.  0.  0.  0.
  0.  0.  0.  0.  0.  0.  0.  0.  0.]