[ 0.  0.  0.  0.  0.  0.  0.  0.  0.  0.  0.  0.  0.  0.  0.  0.  0.  0.
  0.  0.  0.  0.  0.  0.  0.  0.  0.  0.  0.  0.  0.  0.  0.  0.  0.  0.
  0.  0.  0.  0.  0.  0.  0.  0.  0.  0.  0.  0.  0.  0.  0.  0.  0.  0.
  0.  0.  0.  0.  0.  0.  0.  0.  0.  0.  0. 45.  0.  0.  0.  0.  0.  0.
  0.  0.  0.  0.  0. 39. 41. 44.  0.  0.  0.  0.  0.  0.  0.  0.  0.  0.
  0.  0.  0. 38.  0. 25.  0. 22.  0.  0.  0.  0.  0.  0.  0.  0. 43. 42.
 40. 24. 32. 33.  0.  0.  0.  0.  0.  0.  0.  0. 51. 46. 48. 12. 23. 34.
  0.  0.  0.  0.  0.  0.  0.  0.  0. 47. 29.  8. 11. 19. 35. 36.  0.  0.
  0.  0.  0.  0.  0.  0.  0. 26. 49.  5.  2.  6.  0. 37.  0.  0.  0.  0.
  0.  0.  0. 27. 28.  0.  1.  3.  4.  0.  0.  0.  0.  0.  0.  0.  0.  0.
  0. 18. 17. 13. 15.  7. 16.  0.  0.  0.  0.  0.  0.  0.  0.  0. 30.  0.
 14.  0. 50.  9. 20.  0.  0.  0.  0.  0.  0.  0.  0. 31.  0.  0.  0.  0.
  0. 10. 21.  0.  0.  0.  0.  0.  0.]