[ 0.  0.  0.  0.  0.  0.  0.  0.  0.  0.  0.  0.  0.  0.  0.  0.  0.  0.
  0.  0.  0.  0.  0.  0.  0.  0.  0.  0.  0.  0.  0.  0.  0.  0.  0.  0.
  0.  0.  0.  0.  0. 36.  0.  0.  0.  0.  0.  0.  0.  0.  0.  0. 28. 26.
 34. 35.  0.  0.  0.  0.  0.  0.  0.  0.  0.  0. 32. 25. 27. 31. 39. 37.
 22.  0.  0.  0.  0.  0.  0.  0.  8.  7.  3.  5.  9. 10. 21.  0.  0.  0.
  0.  0.  0.  0. 33. 23.  2.  1. 16. 14. 17. 38.  0.  0.  0.  0.  0.  0.
  0. 19. 18.  6.  4. 12. 13.  0. 29.  0.  0.  0.  0.  0.  0. 24.  0.  0.
  0. 15. 11.  0.  0.  0. 30.  0.  0.  0.  0.  0.  0.  0.  0.  0. 20.  0.
  0.  0.  0.  0.  0.  0.  0.  0.  0.  0.  0.  0.  0.  0.  0.  0.  0.  0.
  0.  0.  0.  0.  0.  0.  0.  0.  0.  0.  0.  0.  0.  0.  0.  0.  0.  0.
  0.  0.  0.  0.  0.  0.  0.  0.  0.  0.  0.  0.  0.  0.  0.  0.  0.  0.
  0.  0.  0.  0.  0.  0.  0.  0.  0.  0.  0.  0.  0.  0.  0.  0.  0.  0.
  0.  0.  0.  0.  0.  0.  0.  0.  0.]