[ 0.  0.  0.  0.  0.  0.  0.  0. 69.  0.  0.  0.  0.  0.  0.  0.  0.  0.
  0.  0.  0. 65. 56. 64. 44. 66. 67.  0.  0.  0.  0.  0.  0.  0.  0.  0.
 47. 55. 48.  0. 42.  0.  0.  0.  0. 76.  0.  0.  0.  0.  0. 46. 49. 68.
  0. 41. 16.  0.  0.  0.  0. 74.  0. 63.  0. 71. 10. 53. 50. 20. 15.  0.
 45.  0.  0.  0.  0. 72. 62. 70. 73. 28.  5. 27. 13. 29. 30.  0.  0.  0.
  0.  0.  0. 60. 17.  7.  2.  6.  9. 19. 43. 51. 52.  0.  0.  0. 59. 58.
 54. 40.  4.  3.  1. 12. 11. 26.  0.  0.  0.  0.  0.  0.  0. 36. 39. 75.
 14.  8.  0. 21.  0.  0.  0.  0.  0.  0.  0.  0. 61. 35.  0. 18. 24. 25.
 22.  0.  0.  0.  0.  0.  0.  0.  0.  0.  0. 23. 32. 31.  0.  0.  0.  0.
  0.  0.  0.  0.  0.  0.  0. 57.  0. 33.  0.  0.  0.  0.  0.  0.  0.  0.
  0.  0.  0.  0.  0. 34.  0. 37.  0.  0.  0.  0.  0.  0.  0.  0.  0.  0.
  0.  0.  0.  0.  0. 38.  0.  0.  0.  0.  0.  0.  0.  0.  0.  0.  0.  0.
  0.  0.  0.  0.  0.  0.  0.  0.  0.]