[ 0.  0.  0.  0.  0.  0.  0.  0.  0.  0.  0.  0.  0.  0.  0.  0.  0.  0.
  0.  0.  0.  0.  0.  0.  0.  0.  0.  0.  0.  0.  0.  0.  0.  0.  0.  0.
  0.  0.  0.  0.  0.  0.  0.  0.  0.  0.  0.  0.  0.  0.  0.  0.  0.  0.
  0.  0.  0.  0.  0.  0.  0.  0.  0.  0.  0.  0.  0.  0.  0.  0.  0.  0.
  0.  0.  0.  0.  0.  0.  0.  0.  0.  0.  0.  0.  0.  0.  0.  0.  0.  0.
  0.  0.  0.  0.  0.  0.  0.  0.  0.  0.  0.  0.  0.  0.  0.  0.  0.  0.
  0.  0.  0.  0. 18.  0.  0.  0.  0.  0.  0.  0.  0.  0.  0. 22.  8.  0.
 17.  0.  0. 34.  0.  0.  0.  0.  0.  0.  0.  0.  0. 21.  7.  6.  2. 33.
  0.  0.  0.  0.  0.  0.  0.  0.  0. 16. 15. 13.  5. 11. 12.  0.  0.  0.
  0.  0.  0.  0.  0.  0. 19.  0. 14.  3.  1.  4.  0.  0.  0.  0.  0.  0.
  0.  0. 20.  0. 28. 27. 25. 23.  9. 26.  0.  0.  0.  0.  0.  0.  0.  0.
  0. 35.  0. 29. 31. 24. 10.  0.  0.  0.  0.  0.  0.  0.  0.  0.  0.  0.
 30. 32.  0.  0.  0.  0.  0.  0.  0.]