[ 0.  0.  0.  0.  0.  0.  0.  0. 66.  0.  0.  0.  0.  0.  0.  0.  0.  0.
  0.  0.  0.  0.  0.  0. 35.  0.  0.  0.  0.  0.  0.  0.  0.  0.  0.  0.
 54.  0.  0. 34. 23. 70.  0.  0.  0.  0.  0.  0.  0. 62. 17.  0. 29. 73.
 22.  0. 65.  0.  0.  0.  0.  0. 52.  0. 53. 10. 16. 19. 18. 32.  0. 69.
 67.  0.  0.  0.  0. 46. 49. 61.  0.  9.  8.  0. 28. 36. 27.  0. 68.  0.
 58. 57. 55. 45. 51. 42. 20.  7.  4. 33. 26. 72.  0.  0.  0.  0. 56. 60.
 50. 41. 21.  6.  1.  5. 14.  0. 30. 74.  0.  0.  0.  0.  0. 47. 48. 43.
  3. 13.  2. 11. 15. 63. 31. 64.  0.  0.  0.  0.  0. 59. 71. 37. 24.  0.
  0. 12.  0.  0.  0.  0.  0.  0.  0.  0.  0. 38. 25. 44.  0.  0.  0.  0.
  0.  0.  0.  0.  0.  0.  0.  0.  0. 39.  0.  0.  0.  0.  0.  0.  0.  0.
  0.  0.  0.  0.  0.  0. 40.  0.  0.  0.  0.  0.  0.  0.  0.  0.  0.  0.
  0.  0.  0.  0.  0.  0.  0.  0.  0.  0.  0.  0.  0.  0.  0.  0.  0.  0.
  0.  0.  0.  0.  0.  0.  0.  0.  0.]