[ 0.  0.  0.  0.  0.  0.  0.  0.  0.  0.  0.  0.  0.  0.  0.  0.  0.  0.
  0.  0. 44. 42.  0.  0.  0.  0.  0.  0.  0.  0.  0.  0.  0.  0.  0.  0.
 41. 36.  0.  0.  0.  0.  0.  0.  0.  0.  0.  0.  0. 28.  0. 35. 43.  0.
  0.  0.  0.  0.  0.  0.  0.  0.  0.  0.  0. 15. 39. 40.  7.  0.  0.  0.
  0.  0.  0.  0.  0.  0.  0. 13. 12. 27.  4. 10. 11.  0.  0.  0.  0.  0.
  0.  0.  0. 33.  0. 14.  2.  3. 20.  0. 45.  0.  0.  0.  0.  0.  0. 34.
  0.  0.  6.  5.  1. 29. 31. 32.  0.  0.  0.  0.  0. 23. 22. 18.  8. 16.
 19.  0.  0. 30.  0.  0.  0.  0.  0.  0. 26. 25.  9. 21. 17. 24.  0.  0.
  0.  0.  0.  0.  0.  0.  0.  0.  0.  0. 37.  0.  0.  0.  0.  0.  0.  0.
  0.  0.  0.  0.  0.  0. 38.  0.  0.  0.  0.  0.  0.  0.  0.  0.  0.  0.
  0.  0.  0.  0.  0.  0.  0.  0.  0.  0.  0.  0.  0.  0.  0.  0.  0.  0.
  0.  0.  0.  0.  0.  0.  0.  0.  0.  0.  0.  0.  0.  0.  0.  0.  0.  0.
  0.  0.  0.  0.  0.  0.  0.  0.  0.]