[ 0.  0.  0.  0.  0.  0.  0.  0.  0.  0.  0.  0.  0.  0.  0.  0.  0.  0.
  0.  0.  0.  0. 44.  0.  0.  0.  0.  0.  0.  0.  0.  0.  0.  0.  0.  0.
  0.  0. 43. 38. 16.  0.  0.  0.  0.  0.  0.  0.  0.  0.  0.  0. 47.  0.
 15.  0.  0.  0.  0.  0.  0.  0.  0.  0.  0.  1. 10.  0. 13. 25. 39. 40.
  0.  0.  0.  0.  0.  0.  0.  0.  0.  9.  5.  8. 37.  0. 41.  0.  0.  0.
  0.  0.  0.  0.  0. 20.  3.  4. 27.  0. 29.  0. 42.  0.  0.  0.  0.  0.
  0.  0. 14.  7.  2.  6. 28.  0. 45.  0.  0.  0.  0.  0.  0. 22. 21. 19.
 11. 17. 18.  0.  0.  0. 46.  0.  0.  0.  0.  0.  0.  0. 23. 12. 24. 26.
  0.  0.  0.  0.  0.  0.  0.  0.  0.  0.  0. 35. 30. 34. 32.  0.  0.  0.
  0.  0.  0.  0.  0.  0.  0.  0. 31.  0.  0. 33.  0.  0.  0.  0.  0.  0.
  0.  0.  0.  0.  0. 36.  0.  0.  0.  0.  0.  0.  0.  0.  0.  0.  0.  0.
  0.  0.  0.  0.  0.  0.  0.  0.  0.  0.  0.  0.  0.  0.  0.  0.  0.  0.
  0.  0.  0.  0.  0.  0.  0.  0.  0.]