[ 0.  0.  0.  0.  0.  0.  0.  0.  0.  0.  0.  0.  0.  0.  0.  0.  0.  0.
  0.  0.  0.  0.  0.  0.  0.  0.  0.  0.  0.  0.  0.  0.  0.  0.  0.  0.
  0.  0.  0.  0.  0.  0.  0.  0.  0.  0.  0.  0.  0.  0.  0. 26.  0. 32.
  0. 14.  0.  0.  0.  0.  0.  0.  0.  0.  0.  0.  0. 25.  0. 13.  0. 18.
  0.  0.  0.  0.  0.  0.  0.  0.  9. 20. 12.  5.  0. 17.  0.  0.  0.  0.
  0.  0.  0.  0.  0.  0.  2.  3. 30. 15. 27. 29.  0.  0.  0.  0.  0.  0.
  0.  0.  0.  1.  4.  7.  0. 23.  0. 31.  0.  0.  0.  0.  0.  0.  0.  6.
 10. 11.  8. 19. 28. 24.  0. 33.  0.  0.  0.  0.  0.  0.  0. 16.  0.  0.
  0. 21.  0.  0.  0.  0.  0.  0.  0.  0.  0.  0.  0.  0.  0.  0.  0. 22.
  0.  0.  0.  0.  0.  0.  0.  0.  0.  0.  0.  0.  0.  0.  0.  0.  0.  0.
  0.  0.  0.  0.  0.  0.  0.  0.  0.  0.  0.  0.  0.  0.  0.  0.  0.  0.
  0.  0.  0.  0.  0.  0.  0.  0.  0.  0.  0.  0.  0.  0.  0.  0.  0.  0.
  0.  0.  0.  0.  0.  0.  0.  0.  0.]