[ 0.  0.  0.  0.  0.  0.  0.  0.  0.  0.  0.  0.  0.  0.  0.  0.  0.  0.
  0.  0.  0.  0. 41.  0.  0.  0.  0.  0.  0.  0.  0.  0.  0.  0.  0.  0.
  0.  0. 20.  0.  0.  0.  0.  0.  0.  0.  0.  0.  0. 25. 18.  0. 19.  0.
 40.  0. 47.  0. 37.  0.  0.  0.  0.  0.  8. 24. 17.  0. 14. 43. 38. 42.
 36. 44. 45.  0.  0.  0.  0.  0.  7. 16. 15. 13. 33. 31. 34.  0.  0.  0.
  0.  0.  0.  0. 21.  0.  3.  2. 11. 29. 30. 46. 39.  0.  0.  0.  0.  0.
 22.  0.  0.  4.  1.  9. 12. 32. 48.  0.  0.  0.  0.  0.  0.  0.  0. 52.
 26. 23.  5. 27. 28. 49.  0.  0.  0.  0.  0.  0.  0.  0. 51. 53. 50. 10.
  6. 35.  0.  0.  0.  0.  0.  0.  0.  0.  0.  0.  0.  0.  0.  0.  0.  0.
  0.  0.  0.  0.  0.  0.  0.  0.  0.  0.  0.  0.  0.  0.  0.  0.  0.  0.
  0.  0.  0.  0.  0.  0.  0.  0.  0.  0.  0.  0.  0.  0.  0.  0.  0.  0.
  0.  0.  0.  0.  0.  0.  0.  0.  0.  0.  0.  0.  0.  0.  0.  0.  0.  0.
  0.  0.  0.  0.  0.  0.  0.  0.  0.]