[ 0.  0.  0.  0.  0.  0.  0.  0.  0.  0.  0.  0.  0.  0.  0.  0.  0.  0.
  0.  0.  0.  0.  0.  0.  0.  0.  0.  0.  0.  0.  0.  0.  0.  0.  0.  0.
  0.  0.  0.  0.  0.  0.  0.  0.  0.  0.  0.  0.  0.  0.  0.  0.  0.  0.
  0.  0.  0.  0.  0.  0.  0.  0.  0.  0.  0.  0.  0.  0. 26. 23. 25. 27.
 29. 30.  0.  0.  0.  0.  0.  0.  0.  0.  0. 15. 22. 24. 28. 31.  0.  0.
  0.  0.  0.  0.  0.  0.  3.  2. 14. 16. 17. 38. 39.  0.  0.  0.  0.  0.
  0.  0.  0.  4.  1.  6. 18. 19. 36. 37.  0.  0.  0.  0.  0.  0.  0.  0.
  5.  7.  8. 20. 32. 34. 35.  0.  0.  0.  0.  0.  0.  0.  0.  0.  9. 10.
 21. 33.  0.  0.  0.  0.  0.  0.  0.  0.  0.  0.  0. 11. 13.  0.  0.  0.
  0.  0.  0.  0.  0.  0.  0.  0.  0.  0. 12.  0.  0.  0.  0.  0.  0.  0.
  0.  0.  0.  0.  0.  0.  0.  0.  0.  0.  0.  0.  0.  0.  0.  0.  0.  0.
  0.  0.  0.  0.  0.  0.  0.  0.  0.  0.  0.  0.  0.  0.  0.  0.  0.  0.
  0.  0.  0.  0.  0.  0.  0.  0.  0.]