[ 0.  0.  0.  0.  0.  0.  0.  0.  0.  0.  0.  0.  0.  0.  0.  0.  0.  0.
  0.  0.  0.  0.  0.  0.  0.  0.  0.  0.  0.  0.  0.  0.  0.  0.  0.  0.
  0.  0.  0.  0.  0.  0.  0.  0.  0.  0.  0.  0.  0.  0.  0.  0.  0.  0.
  0.  0. 14.  0.  0.  0.  0.  0.  0.  0.  0.  0.  0.  0. 15. 21. 13.  0.
  0.  0.  0.  0.  0.  0.  0.  0.  0. 17.  5. 10.  9.  0.  0.  0.  0.  0.
  0.  0.  0.  0.  0.  0. 12.  6.  7.  0.  0.  0.  0.  0.  0.  0.  0.  0.
  0.  0.  4. 16.  1.  0.  2.  0.  0.  0.  0.  0.  0.  0.  0.  0.  0. 20.
  8.  0. 11.  0.  0.  0.  0.  0.  0.  0.  0.  0.  0. 22.  0. 18.  3.  0.
  0.  0.  0.  0.  0.  0.  0.  0.  0.  0.  0.  0. 19.  0.  0.  0.  0.  0.
  0.  0.  0.  0.  0.  0.  0.  0.  0.  0.  0.  0.  0.  0.  0.  0.  0.  0.
  0.  0.  0.  0.  0.  0.  0.  0.  0.  0.  0.  0.  0.  0.  0.  0.  0.  0.
  0.  0.  0.  0.  0.  0.  0.  0.  0.  0.  0.  0.  0.  0.  0.  0.  0.  0.
  0.  0.  0.  0.  0.  0.  0.  0.  0.]