[ 0.  0.  0.  0.  0.  0.  0.  0.  0.  0.  0.  0.  0.  0.  0.  0.  0.  0.
  0.  0.  0.  0.  0.  0.  0.  0.  0.  0.  0.  0.  0.  0.  0.  0.  0.  0.
  0.  0.  0.  0.  0.  0.  0.  0.  0.  0.  0.  0.  0.  0.  0.  0.  0.  0.
  0.  0.  0.  0.  0.  0.  0.  0.  0.  0.  0.  0.  0.  0.  0.  0.  0.  0.
  0.  0.  0.  0.  0.  0.  0.  0.  0.  0.  0.  0.  0.  0.  0.  0.  0.  0.
  0.  0. 26.  0.  0.  0.  8.  6.  0.  0.  0.  0.  0.  0.  0.  0.  0.  0.
 25. 24.  0.  1. 16.  0.  0.  0.  0.  0.  0.  0.  0.  0.  0.  0. 23.  2.
  7.  4.  0.  0.  0.  0.  0.  0.  0.  0.  0.  0. 20. 19. 15.  3.  0.  0.
  0.  0.  0.  0.  0.  0.  0.  0.  0. 14. 13.  5.  9. 11. 12.  0.  0.  0.
  0.  0.  0.  0.  0.  0. 17. 21.  0. 10. 27.  0.  0.  0.  0.  0.  0.  0.
  0.  0. 18.  0. 22.  0.  0.  0.  0.  0.  0.  0.  0.  0.  0.  0.  0.  0.
  0.  0.  0.  0.  0.  0.  0.  0.  0.  0.  0.  0.  0.  0.  0.  0.  0.  0.
  0.  0.  0.  0.  0.  0.  0.  0.  0.]