[ 0.  0.  0.  0.  0.  0.  0.  0.  0.  0.  0.  0.  0.  0.  0.  0.  0.  0.
  0.  0.  0.  0.  0.  0.  0.  0.  0.  0.  0.  0.  0.  0.  0.  0.  0.  0.
  0.  0.  0.  0.  0.  0.  0.  0.  0.  0.  0.  0.  0.  0. 18.  0.  0.  0.
  0.  0.  0.  0.  0.  0.  0.  0.  0.  0.  0.  0. 17. 24. 33. 10. 12.  0.
  0. 30.  0.  0.  0.  0.  0.  0. 22. 21. 15. 19.  9. 20.  0. 29. 35.  0.
  0.  0.  0.  0.  0.  0.  0.  4. 11.  7. 31. 27. 32.  0.  0.  0.  0.  0.
  0.  0.  0.  0.  1.  2.  3. 23. 34.  0.  0.  0.  0.  0.  0.  0.  0.  0.
 13.  6.  0.  5. 16. 25.  0.  0.  0.  0.  0.  0.  0.  0. 14.  0.  0. 28.
  8.  0.  0. 26.  0.  0.  0.  0.  0.  0.  0.  0.  0.  0. 36.  0.  0.  0.
  0.  0.  0.  0.  0.  0.  0.  0.  0.  0.  0.  0.  0.  0.  0.  0.  0.  0.
  0.  0.  0.  0.  0.  0.  0.  0.  0.  0.  0.  0.  0.  0.  0.  0.  0.  0.
  0.  0.  0.  0.  0.  0.  0.  0.  0.  0.  0.  0.  0.  0.  0.  0.  0.  0.
  0.  0.  0.  0.  0.  0.  0.  0.  0.]