[ 0.  0.  0.  0.  0. 24.  0.  0.  0.  0.  0.  0.  0.  0.  0.  0.  0.  0.
  0.  0.  0. 23.  0.  0. 26.  0.  0.  0.  0.  0.  0.  0.  0.  0.  0. 37.
 28. 17. 27. 25. 29. 30.  0.  0.  0.  0.  0.  0.  0.  0.  0. 34. 14. 21.
 13.  0.  0.  0.  0.  0.  0.  0.  0.  9.  0.  0. 18. 16. 12. 19. 31. 33.
  0.  0.  0.  0.  0.  0.  0.  7.  0. 35. 10. 36. 15. 22. 32.  0.  0.  0.
  0.  0.  0.  0.  0.  5.  6.  2.  0. 20.  0.  0.  0.  0.  0.  0.  0.  0.
  0.  0.  4.  3.  1.  0.  0. 38.  0.  0.  0.  0.  0.  0.  0.  0. 11.  0.
  0.  8.  0.  0.  0.  0.  0.  0.  0.  0.  0.  0.  0.  0.  0.  0.  0.  0.
  0.  0.  0.  0.  0.  0.  0.  0.  0.  0.  0.  0.  0.  0.  0.  0.  0.  0.
  0.  0.  0.  0.  0.  0.  0.  0.  0.  0.  0.  0.  0.  0.  0.  0.  0.  0.
  0.  0.  0.  0.  0.  0.  0.  0.  0.  0.  0.  0.  0.  0.  0.  0.  0.  0.
  0.  0.  0.  0.  0.  0.  0.  0.  0.  0.  0.  0.  0.  0.  0.  0.  0.  0.
  0.  0.  0.  0.  0.  0.  0.  0.  0.]