[ 0.  0.  0.  0.  0.  0. 51.  0.  0.  0.  0.  0.  0.  0.  0.  0. 45.  0.
  0.  0.  0. 50. 49. 35.  0.  0.  0.  0.  0.  0.  0.  0. 44.  0. 39. 27.
 48. 34.  0.  0.  0.  0.  0.  0.  0.  0.  0. 43. 42. 38. 40. 26. 41. 52.
 54.  0.  0.  0.  0.  0.  0.  0.  0. 31. 30. 18. 28. 16. 29. 53.  0.  0.
  0.  0.  0.  0.  0.  0. 46. 32.  8. 17. 15.  6.  0.  0.  0.  0.  0.  0.
  0.  0. 47. 33. 36.  4.  3.  5.  2. 22.  0.  0.  0.  0.  0.  0.  0.  0.
  0. 37.  9. 10. 11.  7.  1. 25.  0.  0.  0.  0.  0.  0.  0.  0. 55.  0.
  0. 13. 12. 19.  0.  0.  0.  0.  0.  0.  0.  0.  0.  0.  0. 21. 14.  0.
  0. 20.  0.  0.  0.  0.  0.  0.  0.  0.  0. 23.  0.  0.  0.  0.  0.  0.
  0.  0.  0.  0.  0.  0.  0. 24.  0.  0.  0.  0.  0.  0.  0.  0.  0.  0.
  0.  0.  0.  0.  0.  0.  0.  0.  0.  0.  0.  0.  0.  0.  0.  0.  0.  0.
  0.  0.  0.  0.  0.  0.  0.  0.  0.  0.  0.  0.  0.  0.  0.  0.  0.  0.
  0.  0.  0.  0.  0.  0.  0.  0.  0.]