[ 0.  0.  0.  0.  0.  0.  0.  0.  0.  0.  0.  0.  0.  0.  0.  0.  0.  0.
  0.  0.  0.  0.  0.  0.  0.  0.  0.  0.  0.  0.  0.  0.  0.  0.  0.  0.
  0.  0.  0.  0.  0.  0.  0.  0.  0.  0.  0.  0.  0.  0.  0.  0.  0.  0.
  0.  0.  0.  0.  0.  0.  0.  0. 53. 52.  0.  0.  0.  0.  0.  0.  0.  0.
  0.  0.  0.  0.  0. 43. 51.  0. 36.  0.  0. 22.  0.  0. 17.  0.  0.  0.
  0. 33. 42.  0. 47. 35. 50. 21. 18. 15. 16.  0.  0.  0.  0.  0. 41. 32.
 46.  8.  7.  5.  1.  3.  6.  0.  0.  0.  0.  0.  0.  0. 38. 30. 25. 19.
  9.  2.  4.  0.  0.  0.  0.  0.  0. 49. 48. 34. 40. 24. 13. 12. 10.  0.
  0.  0.  0.  0.  0.  0.  0. 37. 39. 23. 14. 20. 11.  0.  0.  0.  0.  0.
  0.  0.  0.  0.  0.  0.  0. 26. 44. 31.  0.  0.  0.  0.  0.  0.  0.  0.
  0.  0.  0. 27. 28.  0. 45.  0.  0.  0.  0.  0.  0.  0.  0.  0.  0.  0.
  0. 29.  0.  0.  0.  0.  0.  0.  0.  0.  0.  0.  0.  0.  0.  0.  0.  0.
  0.  0.  0.  0.  0.  0.  0.  0.  0.]