[ 0.  0.  0.  0.  0.  0.  0.  0.  0.  0.  0.  0.  0.  0.  0.  0.  0.  0.
  0.  0.  0.  0.  0.  0.  0.  0.  0.  0.  0.  0.  0.  0.  0.  0.  0.  0.
  0.  0.  0.  0.  0.  0.  0.  0.  0.  0.  0.  0.  0.  0.  0.  0.  0.  0.
  0.  0.  0.  0.  0.  0.  0.  0.  0.  0.  0.  0.  0.  0.  0. 26.  0.  0.
  0.  0.  0.  0.  0.  0.  0.  0.  0.  0. 15.  0. 24.  0.  7.  0.  0.  0.
  0.  0.  0.  0.  0.  0.  0. 21. 12. 20.  6. 22. 23.  0.  0.  0.  0.  0.
  0.  0.  0.  0.  1.  3.  4.  0.  0.  0.  0.  0.  0.  0.  0.  0.  0.  0.
  9.  8.  2. 18. 10. 19.  0.  0.  0.  0.  0.  0.  0.  0. 11.  0.  5.  0.
 25.  0. 16.  0.  0.  0.  0.  0.  0.  0. 13.  0.  0.  0.  0.  0.  0.  0.
 17.  0.  0.  0.  0.  0. 14.  0.  0.  0.  0.  0.  0.  0.  0.  0.  0.  0.
  0.  0.  0.  0.  0.  0.  0.  0.  0.  0.  0.  0.  0.  0.  0.  0.  0.  0.
  0.  0.  0.  0.  0.  0.  0.  0.  0.  0.  0.  0.  0.  0.  0.  0.  0.  0.
  0.  0.  0.  0.  0.  0.  0.  0.  0.]