[ 0.  0.  0.  0.  0.  0.  0.  0.  0.  0.  0.  0.  0.  0.  0.  0.  0.  0.
  0.  0.  0.  0.  0.  0.  0.  0.  0.  0.  0.  0.  0.  0.  0.  0.  0.  0.
  0.  0.  0.  0.  0.  0.  0.  0.  0.  0.  0.  0.  0.  0.  0.  0.  0.  0.
  9.  0. 20.  0.  0.  0.  0.  0.  0.  0.  0.  0.  0. 12.  8. 13. 19.  0.
  0.  0.  0.  0.  0.  0.  0. 17. 16. 14.  4. 10. 15.  0.  0.  0.  0.  0.
  0.  0.  0.  0.  0.  0.  2.  3. 11. 18.  0.  0.  0.  0.  0.  0.  0.  0.
  0.  0.  6.  5.  1.  0.  0.  0.  0.  0.  0.  0.  0.  0.  0.  0.  7.  0.
 21.  0.  0.  0.  0.  0.  0.  0.  0.  0.  0.  0.  0.  0.  0.  0.  0.  0.
  0.  0.  0.  0.  0.  0.  0.  0.  0.  0.  0.  0.  0.  0.  0.  0.  0.  0.
  0.  0.  0.  0.  0.  0.  0.  0.  0.  0.  0.  0.  0.  0.  0.  0.  0.  0.
  0.  0.  0.  0.  0.  0.  0.  0.  0.  0.  0.  0.  0.  0.  0.  0.  0.  0.
  0.  0.  0.  0.  0.  0.  0.  0.  0.  0.  0.  0.  0.  0.  0.  0.  0.  0.
  0.  0.  0.  0.  0.  0.  0.  0.  0.]