[ 0.  0.  0.  0.  0.  0.  0.  0.  0.  0.  0.  0.  0.  0.  0.  0.  0.  0.
  0.  0.  0.  0.  0.  0.  0.  0.  0.  0.  0.  0.  0.  0.  0.  0.  0.  0.
  0.  0.  0.  0.  0.  0.  0.  0.  0.  0.  0.  0.  0.  0.  0.  0.  0.  0.
  0.  0.  0.  0.  0.  0.  0.  0.  0.  0. 25.  0.  0.  0.  0.  0.  0.  0.
  0.  0.  0.  0.  0.  0.  0. 24.  0.  0.  0.  0.  0.  0.  0.  0.  0.  0.
  0.  0.  0.  0. 16.  5. 15.  1.  0.  0.  0.  0.  0.  0.  0.  0.  0.  0.
 21. 20. 12.  2. 18. 19.  0.  0.  0.  0.  0.  0.  0.  0.  0.  0. 22.  3.
 17.  4.  0. 29.  0.  0.  0.  0.  0.  0.  0.  0.  0. 23. 11.  8. 10.  6.
  0.  0.  0.  0.  0.  0.  0.  0.  0.  0.  0.  9.  0. 26.  0.  7.  0.  0.
  0.  0.  0.  0.  0.  0.  0.  0. 13. 28. 27.  0.  0.  0.  0.  0.  0.  0.
  0.  0.  0.  0.  0. 14.  0.  0.  0.  0.  0.  0.  0.  0.  0.  0.  0.  0.
  0. 30.  0.  0.  0.  0.  0.  0.  0.  0.  0.  0.  0.  0.  0.  0.  0.  0.
  0.  0.  0.  0.  0.  0.  0.  0.  0.]