[ 0.  0.  0.  0.  0.  0.  0.  0.  0.  0.  0.  0.  0.  0.  0.  0.  0.  0.
  0.  0.  0.  0.  0.  0.  0.  0.  0.  0.  0.  0.  0.  0.  0.  0. 23.  0.
  0.  0.  0.  0.  0.  0.  0.  0.  0.  0.  0.  0.  0.  0. 22.  0.  0.  0.
  0.  0.  0.  0.  0.  0.  0.  0.  0.  0.  0.  0. 12.  0.  0. 20.  0.  0.
  0.  0.  0.  0.  0.  0.  0.  0.  0. 11.  4. 19.  0.  0.  0.  0.  0.  0.
  0.  0.  0.  0.  0.  2.  1. 15. 18.  0.  0.  0.  0.  0.  0.  0.  0.  0.
  0.  0.  3.  9.  0. 24. 21.  0.  0.  0.  0.  0.  0.  0.  0.  0.  5. 13.
  7. 14.  0.  0.  0.  0.  0.  0.  0.  0.  0.  0.  6. 16. 17. 10.  8.  0.
  0.  0.  0.  0.  0.  0.  0.  0.  0. 33. 27. 25. 29. 31. 32.  0.  0.  0.
  0.  0.  0.  0.  0.  0. 28.  0. 26.  0. 30.  0.  0.  0.  0.  0.  0.  0.
  0.  0.  0.  0.  0.  0.  0.  0.  0.  0.  0.  0.  0.  0.  0.  0.  0.  0.
  0.  0.  0.  0.  0.  0.  0.  0.  0.  0.  0.  0.  0.  0.  0.  0.  0.  0.
  0.  0.  0.  0.  0.  0.  0.  0.  0.]