[ 0.  0.  0.  0.  0.  0.  0.  0.  0.  0.  0.  0.  0.  0.  0.  0.  0.  0.
  0.  0.  0.  0.  0. 50.  0.  0.  0.  0.  0.  0.  0.  0.  0.  0.  0. 18.
  0. 27.  0.  0. 53.  0.  0.  0.  0.  0.  0.  0.  0.  0.  0. 17. 52. 10.
 33. 25.  0.  0.  0.  0.  0.  0.  0.  0.  0.  0.  0. 15.  9. 26. 24. 39.
 37.  0.  0.  0.  0.  0.  0.  0.  0.  4. 51.  5.  0. 20. 36. 31. 45.  0.
  0.  0.  0.  0.  0. 12. 11.  3.  7. 13. 14. 28. 32. 40. 41.  0.  0.  0.
  0.  0.  0.  6.  2.  1. 34. 16. 38. 29. 42.  0.  0.  0.  0.  0.  0.  0.
  0. 19.  8. 30. 23. 48. 46. 44. 43.  0.  0.  0.  0.  0.  0. 21. 35.  0.
  0.  0. 49.  0. 47.  0.  0.  0.  0.  0.  0. 22.  0.  0.  0.  0.  0.  0.
  0.  0.  0.  0.  0.  0.  0.  0.  0.  0.  0.  0.  0.  0.  0.  0.  0.  0.
  0.  0.  0.  0.  0.  0.  0.  0.  0.  0.  0.  0.  0.  0.  0.  0.  0.  0.
  0.  0.  0.  0.  0.  0.  0.  0.  0.  0.  0.  0.  0.  0.  0.  0.  0.  0.
  0.  0.  0.  0.  0.  0.  0.  0.  0.]