[ 0.  0.  0.  0.  0.  0.  0.  0.  0.  0.  0.  0.  0.  0.  0.  0.  0.  0.
  0.  0.  0.  0.  0.  0.  0.  0.  0.  0.  0.  0.  0.  0.  0.  0.  0.  0.
  0.  0.  0.  0.  0.  0.  0.  0.  0.  0.  0.  0.  0.  0.  0.  0.  0.  0.
  0.  0.  0.  0.  0.  0.  0.  0.  0.  0.  0.  0.  0.  0.  0.  0.  0.  0.
  0.  0.  0.  0.  0.  0.  0.  0.  0.  0.  0.  0.  0.  0.  0.  0.  0.  0.
  0.  0.  0.  0.  0.  6.  0.  0. 10.  0.  0.  0.  0.  0.  0.  0.  0.  0.
  0. 14.  0.  2.  5.  8.  0.  0.  0.  0.  0.  0.  0.  0.  0.  0. 20.  3.
  1.  4.  0. 16.  0.  0.  0.  0.  0.  0.  0.  0.  0.  0.  9. 11. 12.  7.
  0.  0.  0.  0.  0.  0.  0.  0.  0.  0. 24. 23. 17. 13.  0.  0.  0.  0.
  0.  0.  0.  0.  0.  0.  0. 22. 21. 15. 19.  0.  0.  0.  0.  0.  0.  0.
  0.  0.  0.  0.  0. 25. 18.  0.  0.  0.  0.  0.  0.  0.  0.  0.  0.  0.
  0.  0.  0.  0.  0.  0.  0.  0.  0.  0.  0.  0.  0.  0.  0.  0.  0.  0.
  0.  0.  0.  0.  0.  0.  0.  0.  0.]