[ 0.  0.  0.  0.  0.  0.  0.  0.  0.  0.  0.  0.  0.  0.  0.  0.  0.  0.
  0.  0.  0.  0.  0.  0.  0.  0.  0.  0.  0.  0.  0.  0.  0.  0.  0.  0.
  0.  0.  0.  0. 24.  0.  8.  0.  0.  0.  0.  0.  0.  0.  0.  0.  0. 32.
  0. 23.  7.  0.  0.  0.  0.  0.  0.  0.  0.  0.  0.  0. 31. 14.  1.  0.
  0.  0.  0.  0.  0.  0.  0.  0.  0. 30. 29. 27.  3. 21. 28.  0.  0.  0.
  0.  0.  0.  0.  0.  0. 20. 19.  5.  9. 17. 18.  0.  0.  0.  0.  0.  0.
  0.  0.  0.  0.  6. 25. 13. 22.  0.  0.  0.  0.  0.  0.  0.  0.  0.  0.
 10.  0. 33. 15.  0.  0.  0.  0.  0.  0.  0.  0.  0.  0.  4. 12.  0.  0.
 16. 26.  0.  0.  0.  0.  0.  0.  0.  0.  2.  0.  0.  0.  0.  0.  0.  0.
  0.  0.  0.  0.  0.  0. 11.  0.  0.  0.  0.  0.  0.  0.  0.  0.  0.  0.
  0.  0.  0.  0.  0.  0.  0.  0.  0.  0.  0.  0.  0.  0.  0.  0.  0.  0.
  0.  0.  0.  0.  0.  0.  0.  0.  0.  0.  0.  0.  0.  0.  0.  0.  0.  0.
  0.  0.  0.  0.  0.  0.  0.  0.  0.]