[ 0.  0.  0.  0.  0.  0.  0.  0.  0.  0.  0.  0.  0.  0.  0.  0.  0.  0.
  0.  0.  0.  0.  0.  0.  0.  0.  0.  0.  0.  0.  0.  0.  0.  0.  0.  0.
  0.  0.  0.  0.  0.  0.  0.  0.  0.  0.  0.  0.  0.  0.  0.  0.  0.  0.
  0.  0.  0.  0.  0.  0.  0.  0.  0.  0.  0.  0.  0. 28.  0.  0.  0.  0.
  0.  0.  0.  0.  0.  0.  0.  0.  0.  0. 14.  9.  0.  0.  0.  0.  0.  0.
  0.  0.  0.  0.  0.  0.  5.  8.  3. 25.  0. 24.  0.  0.  0.  0.  0.  0.
  0.  0. 13.  2.  1. 18. 11. 23.  0.  0.  0.  0.  0.  0.  0.  0.  0. 20.
  4.  7.  6. 21.  0. 27.  0.  0.  0.  0.  0.  0.  0.  0.  0. 17. 10. 15.
 26.  0.  0. 29.  0.  0.  0.  0.  0.  0.  0.  0. 16. 19. 12.  0.  0.  0.
  0.  0.  0.  0.  0.  0.  0.  0.  0. 22.  0.  0.  0.  0.  0.  0.  0.  0.
  0.  0.  0.  0.  0.  0.  0.  0.  0.  0.  0.  0.  0.  0.  0.  0.  0.  0.
  0.  0.  0.  0.  0.  0.  0.  0.  0.  0.  0.  0.  0.  0.  0.  0.  0.  0.
  0.  0.  0.  0.  0.  0.  0.  0.  0.]