[ 0.  0.  0.  0.  0.  0.  0.  0.  0.  0.  0.  0.  0.  0.  0.  0.  0.  0.
  0.  0.  0.  0.  0.  0.  0.  0.  0.  0.  0.  0.  0.  0.  0.  0.  0.  0.
  0.  0.  0.  0.  0.  0.  0.  0.  0.  0.  0.  0.  0.  0. 15.  0.  0.  0.
  0.  0.  0.  0.  0.  0.  0.  0.  0.  0. 12. 17.  0. 35.  0.  0.  0.  0.
  0.  0.  0.  0.  0.  0.  8.  0.  4. 11.  0.  0.  0.  0.  0.  0.  0.  0.
  0. 30. 14.  0.  7. 33.  2. 13. 20.  0.  0.  0.  0.  0.  0.  0.  0. 29.
  0. 31.  1.  6.  5. 18.  0.  0.  0.  0.  0.  0.  0.  0.  0. 27. 32. 26.
  3. 16. 34.  0.  0.  0.  0.  0.  0.  0.  0.  0.  0. 23. 19. 24.  9.  0.
  0.  0.  0.  0.  0.  0.  0.  0.  0.  0. 21. 25.  0.  0. 10.  0.  0.  0.
  0.  0.  0.  0.  0.  0. 22.  0.  0. 28.  0.  0.  0.  0.  0.  0.  0.  0.
  0.  0.  0.  0.  0.  0.  0.  0.  0.  0.  0.  0.  0.  0.  0.  0.  0.  0.
  0.  0.  0.  0.  0.  0.  0.  0.  0.  0.  0.  0.  0.  0.  0.  0.  0.  0.
  0.  0.  0.  0.  0.  0.  0.  0.  0.]