[ 0.  0.  0.  0.  0.  0.  0.  0.  0.  0.  0.  0.  0.  0.  0.  0.  0.  0.
  0.  0.  0.  0.  0.  0.  0.  0.  0.  0.  0.  0.  0.  0.  0.  0.  0.  0.
  0.  0.  0.  0.  0.  0.  0.  0.  0.  0.  0.  0.  0.  0.  0.  0.  0.  0.
  0.  0.  0.  0.  0.  0.  0.  0.  0.  0.  0.  0.  0.  0.  0.  0.  0.  0.
  0.  0.  0.  0.  0.  0.  0.  0.  0.  0.  0. 14. 18. 24.  0.  0.  0.  0.
  0.  0.  0.  9.  8.  6.  4.  2.  1. 21. 22.  0.  0.  0.  0.  0.  0.  0.
  0. 10.  7.  5.  3. 11. 12.  0.  0.  0.  0.  0.  0.  0.  0.  0.  0.  0.
 17. 23. 13.  0.  0.  0.  0.  0.  0.  0.  0.  0.  0. 29. 19. 25. 27. 15.
 28.  0.  0.  0.  0.  0.  0.  0.  0.  0. 20.  0. 26.  0. 16.  0.  0.  0.
  0.  0.  0.  0.  0.  0.  0.  0.  0.  0.  0.  0.  0.  0.  0.  0.  0.  0.
  0.  0.  0.  0.  0.  0.  0.  0.  0.  0.  0.  0.  0.  0.  0.  0.  0.  0.
  0.  0.  0.  0.  0.  0.  0.  0.  0.  0.  0.  0.  0.  0.  0.  0.  0.  0.
  0.  0.  0.  0.  0.  0.  0.  0.  0.]