[ 0.  0.  0.  0.  0.  0.  0.  0.  0.  0.  0.  0.  0.  0.  0.  0.  0.  0.
  0.  0.  0.  0.  0.  0.  0.  0.  0.  0.  0.  0.  0.  0.  0.  0.  0.  0.
  0.  0.  0.  0.  0.  0.  0.  0.  0.  0.  0.  0.  0.  0.  0.  0.  0.  0.
  0.  0.  0.  0.  0.  0.  0.  0.  0.  0.  0.  0. 10. 20. 21.  0.  0.  0.
  0.  0.  0.  0.  0.  0. 41. 37. 25.  7. 11. 18. 13. 28.  0.  0.  0.  0.
  0.  0.  0.  0. 23. 24.  9.  2.  5. 19. 17.  0.  0.  0.  0.  0.  0.  0.
  0.  0. 22.  1.  3.  4.  8. 27. 26.  0.  0.  0.  0.  0.  0.  0.  0.  0.
 14. 15. 12.  6. 29. 40.  0.  0.  0.  0.  0.  0.  0.  0.  0.  0. 16. 34.
 33. 30. 32.  0.  0.  0.  0.  0.  0.  0.  0.  0. 38.  0. 35.  0.  0. 31.
  0.  0.  0.  0.  0.  0.  0.  0. 39.  0. 36.  0.  0.  0.  0.  0.  0.  0.
  0.  0.  0.  0.  0.  0.  0.  0.  0.  0.  0.  0.  0.  0.  0.  0.  0.  0.
  0.  0.  0.  0.  0.  0.  0.  0.  0.  0.  0.  0.  0.  0.  0.  0.  0.  0.
  0.  0.  0.  0.  0.  0.  0.  0.  0.]