[ 0.  0.  0.  0.  0.  0.  0.  0.  0.  0.  0.  0.  0.  0.  0.  0.  0.  0.
  0.  0.  0.  0.  0.  0.  0.  0.  0.  0.  0.  0.  0.  0.  0.  0.  0.  0.
  0.  0.  0.  0.  0.  0.  0.  0.  0.  0.  0.  0.  0.  0.  0.  0.  0.  0.
  0.  0.  0.  0.  0.  0.  0.  0.  0.  0.  0.  0.  0.  0.  0.  0.  0.  0.
  0.  0.  0.  0.  0.  0.  0.  0.  7.  0.  0. 25.  0.  0.  0. 23.  0.  0.
  0.  0.  0.  0.  0. 17.  4.  0.  0. 16.  0. 22. 32.  0.  0.  0.  0.  0.
  0.  0.  0.  1.  2. 13. 19. 20. 30.  0.  0.  0.  0.  0.  0.  0.  0.  0.
  3.  5.  6. 18. 28. 24. 29.  0.  0.  0.  0.  0.  0.  0.  0.  0. 11. 10.
  8.  0.  0. 26.  0.  0.  0.  0.  0.  0.  0.  0.  0. 21. 12.  0.  9.  0.
  0. 27.  0.  0.  0.  0.  0.  0.  0.  0. 31. 14.  0.  0.  0.  0.  0.  0.
  0.  0.  0.  0.  0.  0.  0.  0. 15.  0.  0.  0.  0.  0.  0.  0.  0.  0.
  0.  0.  0.  0.  0.  0.  0.  0.  0.  0.  0.  0.  0.  0.  0.  0.  0.  0.
  0.  0.  0.  0.  0.  0.  0.  0.  0.]