[ 0.  0.  0.  0.  0.  0.  0.  0.  0.  0.  0.  0.  0.  0.  0.  0.  0.  0.
  0.  0.  0.  0.  0.  0. 28.  0.  0.  0.  0.  0.  0.  0.  0.  0.  0.  0.
  0.  0. 29. 27.  0.  0.  0.  0.  0.  0.  0.  0.  0.  0.  0.  0. 19.  0.
 23. 10.  0.  0.  0.  0.  0.  0.  0.  0.  0.  0. 13. 16. 22.  9.  0. 37.
  0. 39.  0.  0. 50.  0.  0.  0. 43. 17.  4.  7. 21. 31. 36. 38.  0.  0.
  0.  0. 47. 46. 44. 42. 18.  3.  6. 26. 30. 32. 33.  0.  0.  0.  0.  0.
 49. 48. 24.  5.  1.  2. 12. 20. 34. 35.  0.  0.  0.  0.  0.  0. 25.  8.
  0.  0. 11. 40. 14.  0.  0.  0.  0.  0.  0.  0.  0.  0. 45.  0.  0. 41.
  0.  0. 15.  0.  0.  0.  0.  0.  0.  0.  0.  0. 51.  0.  0.  0.  0.  0.
  0.  0.  0.  0.  0.  0.  0.  0.  0.  0.  0.  0.  0.  0.  0.  0.  0.  0.
  0.  0.  0.  0.  0.  0.  0.  0.  0.  0.  0.  0.  0.  0.  0.  0.  0.  0.
  0.  0.  0.  0.  0.  0.  0.  0.  0.  0.  0.  0.  0.  0.  0.  0.  0.  0.
  0.  0.  0.  0.  0.  0.  0.  0.  0.]