[ 0.  0.  0.  0.  0.  0.  0.  0.  0.  0.  0.  0.  0.  0.  0.  0.  0.  0.
  0.  0.  0.  0.  0.  0.  0.  0.  0.  0.  0.  0.  0.  0.  0.  0.  0.  0.
  0.  0.  0.  0.  0.  0.  0.  0.  0.  0.  0.  0.  0.  0.  0.  0.  0.  0.
  0.  0.  0.  0.  0.  0.  0.  0.  0.  0. 51. 35. 17. 43. 49. 50.  0. 12.
  0.  0.  0.  0.  0.  0.  0.  0.  0. 34. 14. 41.  0. 11.  0.  0.  0.  0.
  0.  0.  0. 23. 26. 42. 38. 13.  4.  7.  0.  0.  0.  0.  0.  0.  0.  0.
  0. 22. 25.  8.  1.  5.  6.  0.  0.  0.  0.  0.  0.  0. 46. 44. 29. 20.
  3.  9.  2. 33. 18.  0.  0.  0.  0.  0.  0. 45. 37. 24.  0. 10. 15.  0.
  0. 36. 19.  0.  0.  0.  0.  0. 39. 30.  0. 32.  0. 16. 27.  0.  0.  0.
  0.  0.  0.  0. 40. 31.  0.  0.  0.  0.  0. 21. 28.  0.  0.  0.  0.  0.
  0.  0. 47.  0.  0.  0.  0.  0.  0.  0.  0.  0.  0.  0.  0.  0.  0. 48.
  0.  0.  0.  0.  0.  0.  0.  0.  0.  0.  0.  0.  0.  0.  0.  0.  0.  0.
  0.  0.  0.  0.  0.  0.  0.  0.  0.]