[ 0.  0.  0.  0.  0.  0.  0.  0.  0.  0.  0.  0.  0.  0.  0.  0.  0.  0.
  0.  0.  0.  0.  0.  0.  0.  0.  0.  0.  0.  0.  0.  0.  0.  0.  0.  0.
  0.  0.  0.  0.  0.  0.  0.  0.  0.  0.  0.  0.  0.  0.  0.  0.  0.  0.
  0.  0.  0.  0.  0.  0.  0.  0.  0. 18.  0.  0.  0.  0.  0.  0.  0.  0.
  0.  0.  0.  0.  0.  0.  0. 17.  0.  0.  0.  0.  0.  0.  0.  0.  0.  0.
  0.  0.  0.  0. 10.  7.  0.  0.  0.  0.  0.  0.  0.  0.  0.  0.  0.  0.
  0.  5.  6.  1.  0.  0.  0. 25.  0.  0.  0.  0.  0.  0.  0.  8.  9.  2.
  0. 15.  0. 24.  0.  0.  0.  0.  0.  0.  0.  0. 27.  3.  0.  4. 19. 16.
  0.  0.  0.  0.  0.  0.  0.  0.  0. 14. 11. 13.  0. 20.  0.  0.  0.  0.
  0.  0.  0.  0.  0. 29. 26. 12. 28. 22. 30. 21.  0.  0.  0.  0.  0.  0.
  0.  0.  0.  0.  0. 23.  0.  0.  0.  0.  0.  0.  0.  0.  0.  0.  0.  0.
  0.  0.  0.  0.  0.  0.  0.  0.  0.  0.  0.  0.  0.  0.  0.  0.  0.  0.
  0.  0.  0.  0.  0.  0.  0.  0.  0.]