[ 0.  0.  0.  0.  0.  0.  0.  0.  0.  0.  0.  0.  0.  0.  0.  0.  0.  0.
  0. 31.  0.  0.  0.  0.  0.  0.  0.  0.  0.  0.  0.  0.  0.  0.  0. 30.
 27.  0. 21.  0.  0.  0.  0.  0.  0.  0.  0.  0.  0.  0.  7. 26. 20. 37.
 42.  0.  0.  0.  0.  0.  0.  0.  0.  0. 35. 34.  6. 28. 32. 33.  0.  0.
  0.  0.  0.  0.  0.  0.  0. 19. 18. 14.  4. 10. 17.  0.  0.  0.  0.  0.
  0.  0.  0.  0. 22. 36. 24.  3.  2. 29.  0.  0.  0.  0.  0.  0.  0.  0.
 23. 38. 40. 25.  1. 13.  8.  0.  0.  0.  0.  0.  0.  0.  0. 39.  0. 41.
  0.  5. 12. 11.  9.  0.  0.  0.  0.  0.  0.  0.  0.  0.  0.  0.  0.  0.
  0. 15.  0.  0.  0.  0.  0.  0.  0.  0.  0.  0.  0.  0.  0.  0.  0. 16.
  0.  0.  0.  0.  0.  0.  0.  0.  0.  0.  0.  0.  0.  0.  0.  0.  0.  0.
  0.  0.  0.  0.  0.  0.  0.  0.  0.  0.  0.  0.  0.  0.  0.  0.  0.  0.
  0.  0.  0.  0.  0.  0.  0.  0.  0.  0.  0.  0.  0.  0.  0.  0.  0.  0.
  0.  0.  0.  0.  0.  0.  0.  0.  0.]