[ 0.  0.  0.  0.  0.  0.  0.  0.  0.  0.  0.  0.  0.  0.  0.  0.  0.  0.
  0.  0.  0.  0.  0.  0.  0.  0.  0.  0.  0.  0.  0.  0.  0.  0.  0.  0.
  0.  0.  0.  0.  0.  0.  0.  0.  0.  0.  0.  0.  0.  0.  0.  0.  0.  0.
  0.  0.  0.  0.  0.  0.  0.  0.  0.  0.  0. 14.  0.  0. 16.  0.  0.  0.
  0.  0.  0.  0.  0.  0.  0.  0. 13.  0. 15.  6.  0.  0.  0.  0.  0.  0.
  0.  0.  0.  0. 10.  7.  9.  5.  0.  0.  0.  0.  0.  0.  0.  0.  0.  0.
  0. 20. 11.  1. 17. 19. 21.  0.  0.  0.  0.  0.  0.  0.  0.  0.  0.  3.
  2.  8. 18.  0.  0.  0.  0.  0.  0.  0.  0.  0.  0.  4. 12.  0.  0.  0.
  0.  0.  0.  0.  0.  0.  0.  0.  0.  0.  0.  0.  0.  0.  0.  0.  0.  0.
  0.  0.  0.  0.  0.  0.  0.  0.  0.  0.  0.  0.  0.  0.  0.  0.  0.  0.
  0.  0.  0.  0.  0.  0.  0.  0.  0.  0.  0.  0.  0.  0.  0.  0.  0.  0.
  0.  0.  0.  0.  0.  0.  0.  0.  0.  0.  0.  0.  0.  0.  0.  0.  0.  0.
  0.  0.  0.  0.  0.  0.  0.  0.  0.]