[ 0.  0.  0.  0.  0.  0.  0.  0.  0.  0.  0.  0.  0.  0.  0.  0.  0.  0.
  0.  0.  0.  0.  0.  0.  0.  0.  0.  0.  0.  0.  0.  0.  0.  0.  0.  0.
  0.  0.  0.  0.  0.  0.  0.  0.  0.  0.  0.  0.  0.  0.  0.  0. 16. 24.
  0.  0.  0.  0.  0.  0.  0.  0.  0.  0.  0.  0.  0. 15. 12.  0.  0.  0.
  0.  0.  0.  0.  0.  0.  0.  0.  0. 23. 11.  0.  0.  0.  0.  0.  0.  0.
  0.  0.  0. 20. 19. 17.  9. 13. 18.  0.  0.  0.  0.  0.  0.  0.  0.  0.
  0. 21.  5.  8.  1.  0.  0.  0.  0.  0.  0.  0.  0.  0.  0. 25.  7.  6.
  2. 14.  0.  0.  0.  0.  0.  0.  0.  0.  0.  0. 10. 22.  3.  0.  4.  0.
  0.  0.  0.  0.  0.  0.  0.  0.  0.  0.  0.  0.  0.  0.  0.  0.  0.  0.
  0.  0.  0.  0.  0.  0.  0.  0.  0.  0.  0.  0.  0.  0.  0.  0.  0.  0.
  0.  0.  0.  0.  0.  0.  0.  0.  0.  0.  0.  0.  0.  0.  0.  0.  0.  0.
  0.  0.  0.  0.  0.  0.  0.  0.  0.  0.  0.  0.  0.  0.  0.  0.  0.  0.
  0.  0.  0.  0.  0.  0.  0.  0.  0.]