[ 0.  0.  0.  0.  0.  0.  0.  0.  0.  0.  0.  0.  0.  0.  0.  0.  0.  0.
  0.  0.  0.  0.  0.  0.  0.  0.  0.  0.  0.  0.  0.  0.  0.  0.  0.  0.
  0.  0.  0.  0.  0.  0.  0.  0.  0.  0.  0.  0.  0.  0.  0.  0.  0.  0.
  0.  0.  0.  0.  0.  0.  0.  0.  0.  0.  0.  0. 14. 12.  0.  0.  0.  0.
  0.  0.  0.  0.  0.  0.  0.  0.  6.  4. 11. 10.  0.  0.  0.  0.  0.  0.
  0.  0.  0.  0.  0.  0.  3.  2.  9.  0.  0.  0.  0.  0.  0.  0.  0.  0.
  0.  0. 24. 23.  1. 21. 13. 22.  0.  0.  0.  0.  0.  0.  0.  0.  0.  0.
 20. 19.  5. 17. 15. 18.  0.  0.  0.  0.  0.  0.  0.  0.  0.  0.  0. 25.
  7.  0. 16.  0.  0.  0.  0.  0.  0.  0.  0.  0.  0.  0. 26. 27.  8.  0.
  0.  0.  0.  0.  0.  0.  0.  0.  0.  0.  0.  0. 28. 29.  0.  0.  0.  0.
  0.  0.  0.  0.  0.  0.  0.  0.  0.  0.  0.  0.  0.  0.  0.  0.  0.  0.
  0.  0.  0.  0.  0.  0.  0.  0.  0.  0.  0.  0.  0.  0.  0.  0.  0.  0.
  0.  0.  0.  0.  0.  0.  0.  0.  0.]