[ 0.  0.  0.  0.  0.  0.  0.  0.  0.  0.  0.  0.  0.  0.  0.  0.  0.  0.
  0.  0.  0.  0.  0.  0.  0.  0.  0.  0.  0.  0.  0.  0.  0. 39.  0.  0.
 43.  0.  0.  0.  0.  0.  0.  0.  0.  0.  0. 22. 41. 38. 40.  0.  0.  0.
  0.  0.  0.  0.  0.  0.  0.  0.  0. 21. 18. 30.  0.  0.  0.  0.  0.  0.
  0.  0.  0.  0.  0.  0. 42. 17.  0. 36.  0.  0.  0.  0.  0.  0.  0.  0.
  0.  0. 14. 13.  5. 11.  1. 12.  9.  0.  0.  0.  0.  0.  0.  0. 44. 29.
  0. 15.  2. 19.  8. 37.  0.  0.  0.  0.  0.  0.  0. 31.  0. 28.  3. 10.
  4. 20. 34. 35.  0.  0.  0.  0.  0. 32.  0. 25. 24. 16.  6.  0. 23.  0.
  0.  0.  0.  0.  0.  0.  0.  0.  0.  0.  7. 26. 33.  0.  0.  0.  0.  0.
  0.  0.  0.  0.  0.  0.  0.  0. 27.  0.  0.  0.  0.  0.  0.  0.  0.  0.
  0.  0.  0.  0.  0.  0.  0.  0.  0.  0.  0.  0.  0.  0.  0.  0.  0.  0.
  0.  0.  0.  0.  0.  0.  0.  0.  0.  0.  0.  0.  0.  0.  0.  0.  0.  0.
  0.  0.  0.  0.  0.  0.  0.  0.  0.]