[ 0.  0.  0.  0.  0.  0.  0.  0.  0.  0.  0.  0.  0.  0.  0.  0.  0.  0.
  0.  0.  0.  0.  0.  0.  0.  0.  0.  0.  0.  0.  0.  0.  0.  0.  0.  0.
  0.  0.  0.  0.  0.  0.  0.  0.  0.  0.  0.  0.  0.  0.  0.  0.  0.  0.
  0.  0.  0.  0.  0.  0.  0.  0.  0.  0.  0. 41. 42.  6.  0.  0.  0.  0.
  0.  0.  0.  0.  0.  0.  0.  0. 18.  4.  5. 10. 28.  0.  0.  0.  0.  0.
  0.  0.  0.  0. 40. 17.  2.  3. 27.  0.  0.  0.  0.  0.  0.  0.  0.  0.
 34. 16. 15.  7.  1. 13. 14.  0.  0.  0.  0.  0.  0.  0. 36. 35. 33.  9.
 25.  8.  0.  0.  0.  0.  0.  0.  0.  0.  0. 24. 23. 11. 19. 21. 22.  0.
  0.  0.  0.  0.  0.  0.  0.  0. 37. 12. 26. 20. 29. 39.  0.  0.  0.  0.
  0.  0.  0.  0. 38.  0.  0.  0.  0. 30. 31.  0.  0.  0.  0.  0.  0.  0.
  0.  0.  0.  0.  0.  0.  0.  0. 32.  0.  0.  0.  0.  0.  0.  0.  0.  0.
  0.  0.  0.  0.  0.  0.  0.  0.  0.  0.  0.  0.  0.  0.  0.  0.  0.  0.
  0.  0.  0.  0.  0.  0.  0.  0.  0.]