[ 0.  0.  0.  0.  0.  0.  0.  0.  0.  0.  0.  0.  0.  0.  0.  0.  0.  0.
  0.  0.  0.  0.  0.  0.  0.  0.  0.  0.  0.  0.  0.  0.  0.  0.  0.  0.
  0.  0.  0.  0.  0.  0.  0.  0.  0.  0.  0.  0.  0.  0.  0.  0.  0.  0.
  0.  0.  0.  0.  0.  0.  0.  0.  0.  0.  0.  0.  0.  0.  0.  0.  0.  0.
  0.  0.  0.  0.  0.  0.  0.  0.  0. 32.  0.  0.  0. 14.  0.  0.  0.  0.
  0.  0.  0.  0.  0. 27.  2.  0.  4.  0. 13.  0.  0.  0. 23.  0.  0.  0.
  0.  0.  0. 10.  1.  9.  5. 11. 12.  0. 22.  0.  0.  0.  0.  0.  0.  0.
 30. 18.  3. 17.  7. 19. 20.  0.  0.  0.  0.  0.  0.  0. 29. 28.  6. 24.
 26. 15.  8.  0.  0.  0.  0.  0.  0.  0.  0.  0. 31.  0.  0. 25. 16.  0.
  0.  0.  0.  0.  0.  0.  0.  0.  0.  0.  0.  0. 21.  0.  0.  0.  0.  0.
  0.  0.  0.  0.  0.  0.  0.  0.  0.  0.  0.  0.  0.  0.  0.  0.  0.  0.
  0.  0.  0.  0.  0.  0.  0.  0.  0.  0.  0.  0.  0.  0.  0.  0.  0.  0.
  0.  0.  0.  0.  0.  0.  0.  0.  0.]