[ 0.  0.  0.  0.  0.  0.  0.  0.  0.  0.  0.  0.  0.  0.  0.  0.  0.  0.
  0.  0.  0.  0.  0.  0.  0.  0.  0.  0.  0.  0.  0.  0.  0.  0.  0.  0.
  0.  0.  0.  0.  0.  0.  0.  0.  0.  0.  0.  0.  0.  0.  0.  0.  0.  0.
  0.  0.  0.  0.  0.  0.  0.  0.  0. 38.  0.  0.  0.  0.  0.  0.  0.  0.
  0.  0.  0.  0. 41. 43. 37. 44.  0.  0.  0.  0.  0.  0.  0.  0.  0.  0.
  0.  0. 39. 15. 14. 12.  6. 10. 13.  0.  0.  0.  0.  0.  0.  0. 40.  0.
 23. 24.  5.  7.  1.  8.  0.  0.  0.  0.  0.  0.  0.  0.  0. 25. 42.  0.
  2.  9.  4. 20.  0.  0.  0.  0.  0.  0.  0.  0. 26. 32. 35. 16.  3. 11.
 27. 21. 28.  0.  0.  0.  0.  0.  0.  0. 33. 31. 34. 17.  0. 22.  0.  0.
  0.  0.  0.  0.  0.  0.  0.  0. 36. 19. 18.  0.  0.  0.  0.  0.  0.  0.
  0.  0.  0.  0.  0. 29.  0.  0.  0.  0.  0.  0.  0.  0.  0.  0.  0.  0.
  0. 30.  0.  0.  0.  0.  0.  0.  0.  0.  0.  0.  0.  0.  0.  0.  0.  0.
  0.  0.  0.  0.  0.  0.  0.  0.  0.]