[ 0.  0.  0.  0.  0.  0.  0.  0.  0.  0.  0.  0.  0.  0.  0.  0.  0.  0.
  0.  0. 32. 35. 24.  0.  0.  0.  0.  0.  0.  0.  0.  0.  0.  0.  0.  0.
 31. 23.  0.  0. 16.  0.  0.  0.  0.  0.  0.  0.  0.  0. 20. 19. 17.  1.
 15. 18.  0.  0.  0.  0.  0.  0.  0.  0. 10. 28. 27. 21. 13. 25. 26.  0.
  0.  0.  0.  0.  0.  0.  0.  0.  9.  0. 11. 14. 29. 33.  0.  0.  0.  0.
  0.  0.  0.  0.  0.  0.  7. 22.  0.  0. 30. 34.  0.  0.  0.  0.  0.  0.
  0.  0. 12.  0.  3.  4.  0.  0.  0.  0.  0.  0.  0.  0.  0.  0.  0.  0.
  6.  2.  5.  0.  0.  0.  0.  0.  0.  0.  0.  0.  0.  0.  0.  0.  0.  0.
  8.  0.  0.  0.  0.  0.  0.  0.  0.  0.  0.  0.  0.  0.  0.  0.  0.  0.
  0.  0.  0.  0.  0.  0.  0.  0.  0.  0.  0.  0.  0.  0.  0.  0.  0.  0.
  0.  0.  0.  0.  0.  0.  0.  0.  0.  0.  0.  0.  0.  0.  0.  0.  0.  0.
  0.  0.  0.  0.  0.  0.  0.  0.  0.  0.  0.  0.  0.  0.  0.  0.  0.  0.
  0.  0.  0.  0.  0.  0.  0.  0.  0.]