[ 0.  0.  0.  0.  0.  0.  0.  0.  0.  0.  0.  0.  0.  0.  0.  0.  0.  0.
  0.  0.  0.  0.  0.  0.  0.  0.  0.  0.  0.  0.  0. 53.  0.  0. 42.  0.
 73. 66. 70.  0.  0.  0.  0.  0.  0.  0.  0. 52.  0. 63. 41.  0. 40. 65.
  0. 56.  0.  0.  0.  0.  0.  0.  0. 50. 75. 64. 39. 71. 69. 51. 72.  0.
  0.  0.  0.  0.  0. 62. 45. 36. 35. 33.  7. 43. 44. 57.  0.  0.  0.  0.
  0. 30.  0. 49.  9. 34.  2. 55.  3. 48.  0. 67.  0. 76.  0. 60. 59. 29.
 37. 31.  6.  5.  1. 14. 10.  0.  0. 68. 22.  0.  0.  0. 38. 27. 32. 26.
  4. 54. 11.  0.  0. 74. 21.  0.  0.  0.  0.  0. 46. 25.  0.  0.  8.  0.
 15. 24. 19.  0.  0.  0.  0.  0. 47.  0.  0. 23.  0.  0. 12. 16. 17.  0.
  0.  0.  0.  0.  0.  0.  0.  0. 58. 28. 61.  0. 13.  0. 18.  0.  0.  0.
  0.  0.  0.  0.  0.  0.  0.  0. 20.  0.  0.  0.  0.  0.  0.  0.  0.  0.
  0.  0.  0.  0.  0.  0.  0.  0.  0.  0.  0.  0.  0.  0.  0.  0.  0.  0.
  0.  0.  0.  0.  0.  0.  0.  0.  0.]