[ 0.  0.  0.  0.  0.  0.  0.  0.  0.  0.  0.  0.  0.  0.  0.  0.  0.  0.
  0.  0.  0.  0.  0.  0.  0.  0.  0.  0.  0.  0.  0.  0.  0.  0.  0.  0.
  0.  0.  0.  0.  0.  0.  0.  0.  0.  0.  0.  0.  0.  0.  0. 19.  0.  0.
 32.  0.  0.  0.  0.  0.  0.  0.  0.  0.  0. 15.  0. 16.  9. 30. 27.  0.
  0.  0.  0.  0.  0.  0.  0.  0.  0. 14. 29.  8. 28. 26.  0.  0.  0.  0.
  0.  0.  0.  0.  0. 12. 13. 10.  4. 18. 20. 21.  0.  0.  0.  0.  0.  0.
  0. 17.  0. 11.  1.  2. 22. 24.  0.  0.  0.  0.  0.  0.  0.  0.  0.  0.
  3.  5.  6. 31.  0. 25.  0.  0.  0.  0.  0.  0.  0.  0.  0.  0. 23.  7.
  0.  0.  0.  0.  0.  0.  0.  0.  0.  0.  0.  0.  0.  0.  0.  0.  0.  0.
  0.  0.  0.  0.  0.  0.  0.  0.  0.  0.  0.  0.  0.  0.  0.  0.  0.  0.
  0.  0.  0.  0.  0.  0.  0.  0.  0.  0.  0.  0.  0.  0.  0.  0.  0.  0.
  0.  0.  0.  0.  0.  0.  0.  0.  0.  0.  0.  0.  0.  0.  0.  0.  0.  0.
  0.  0.  0.  0.  0.  0.  0.  0.  0.]