[ 0.  0.  0.  0.  0.  0.  0.  0.  0.  0.  0.  0.  0.  0.  0.  0.  0.  0.
  0.  0.  0.  0.  0.  0.  0.  0.  0.  0.  0.  0.  0.  0.  0.  0.  0.  0.
  0.  0.  0.  0.  0.  0.  0.  0.  0.  0.  0.  0.  0.  0.  0.  0.  0.  0.
  0.  0.  0.  0.  0.  0.  0.  0.  0.  0.  0. 26.  0. 21.  0.  0.  0.  0.
  0.  0.  0.  0.  0.  0.  0.  0.  0. 20.  0.  0.  0. 17.  0.  0.  0.  0.
  0.  0.  0.  7.  0.  8. 10. 18. 19. 16.  0.  0.  0.  0.  0.  0.  0.  0.
  0.  6.  9.  1.  0. 14.  0.  0.  0.  0.  0.  0.  0.  0.  0. 22.  5.  2.
  3. 12.  0. 24.  0.  0.  0.  0.  0.  0.  0. 23.  0.  0.  0.  4. 13.  0.
  0. 25.  0.  0.  0.  0.  0.  0.  0.  0.  0. 15.  0. 11.  0.  0.  0.  0.
  0.  0.  0.  0.  0.  0.  0.  0.  0.  0.  0.  0.  0.  0.  0.  0.  0.  0.
  0.  0.  0.  0.  0.  0.  0.  0.  0.  0.  0.  0.  0.  0.  0.  0.  0.  0.
  0.  0.  0.  0.  0.  0.  0.  0.  0.  0.  0.  0.  0.  0.  0.  0.  0.  0.
  0.  0.  0.  0.  0.  0.  0.  0.  0.]