[ 0.  0.  0.  0.  0.  0.  0.  0.  0.  0.  0.  0.  0.  0.  0.  0.  0.  0.
  0.  0.  0.  0.  0.  0.  0.  0.  0.  0.  0.  0.  0.  0.  0.  0.  0.  0.
  0.  0.  0.  0.  0. 23.  0.  0.  0.  0.  0.  0.  0.  0.  0.  0. 24.  0.
  0. 20.  0.  0. 19.  0.  0.  0.  0.  0.  0.  0.  0.  0. 25. 22. 21.  0.
 18.  0.  0.  0.  0.  0.  0.  0.  0.  0. 13.  6.  4. 12. 14. 15.  0.  0.
  0.  0.  0.  0.  0. 30. 26.  2.  3. 11. 16.  0.  0.  0.  0.  0.  0.  0.
  0. 10.  9.  7.  1.  5.  8.  0.  0.  0.  0.  0.  0.  0.  0.  0.  0. 40.
 37. 29. 17. 39. 41.  0.  0.  0.  0.  0.  0.  0.  0.  0. 35. 33. 36. 27.
  0.  0.  0.  0.  0.  0.  0.  0.  0.  0. 38. 34.  0.  0. 28. 31.  0.  0.
  0.  0.  0.  0.  0.  0.  0.  0.  0.  0.  0.  0.  0. 32.  0.  0.  0.  0.
  0.  0.  0.  0.  0.  0.  0.  0.  0.  0.  0.  0.  0.  0.  0.  0.  0.  0.
  0.  0.  0.  0.  0.  0.  0.  0.  0.  0.  0.  0.  0.  0.  0.  0.  0.  0.
  0.  0.  0.  0.  0.  0.  0.  0.  0.]