[ 0.  0.  0.  0.  0.  0.  0.  0.  0.  0.  0.  0.  0.  0.  0.  0.  0.  0.
  0.  0.  0.  0.  0.  0.  0.  0.  0.  0.  0.  0.  0.  0.  0.  0.  0.  0.
  0.  0.  0.  0.  0.  0.  0.  0.  0.  0.  0.  0.  0.  0.  0.  0. 14.  0.
  0.  0.  0.  0.  0.  0.  0.  0.  0.  0.  0.  0.  0.  0.  9.  0.  0.  0.
  0.  0.  0.  0.  0.  0.  0.  0.  0.  0.  8. 10. 11.  0.  0.  0.  0.  0.
  0.  0.  0.  0.  0.  0.  4.  2.  7. 21. 13. 25.  0.  0.  0.  0.  0.  0.
  0.  0.  6.  1.  3.  5. 15. 16.  0.  0.  0.  0.  0.  0.  0.  0.  0.  0.
 12. 23. 17. 22.  0.  0.  0.  0.  0.  0.  0.  0.  0.  0.  0.  0. 18. 20.
  0.  0.  0.  0.  0.  0.  0.  0.  0.  0.  0.  0.  0. 24. 19.  0.  0.  0.
  0.  0.  0.  0.  0.  0.  0.  0.  0. 26.  0.  0.  0.  0.  0.  0.  0.  0.
  0.  0.  0.  0.  0.  0.  0.  0.  0.  0.  0.  0.  0.  0.  0.  0.  0.  0.
  0.  0.  0.  0.  0.  0.  0.  0.  0.  0.  0.  0.  0.  0.  0.  0.  0.  0.
  0.  0.  0.  0.  0.  0.  0.  0.  0.]