[ 0.  0.  0.  0.  0.  0.  0.  0.  0.  0.  0.  0.  0.  0.  0.  0.  0.  0.
  0.  0.  0.  0.  0.  0.  0.  0.  0.  0.  0.  0.  0.  0.  0.  0.  0.  0.
  0.  0.  0.  0.  0.  0.  0.  0.  0.  0.  0.  0.  0.  0.  0.  0.  0.  0.
  0.  0.  0.  0.  0.  0.  0.  0.  0.  0.  0.  0.  0.  0.  0.  0.  0.  0.
  0.  0.  0.  0.  0.  0.  0.  0.  0.  0.  0.  0.  0.  0.  0.  0.  0.  0.
  0.  0.  0.  0.  0.  0.  0.  0.  0.  0.  0.  0.  0.  0.  0.  0.  0.  0.
  0.  0.  5.  0.  1.  0.  0.  0.  0.  0.  0.  0.  0.  0.  0.  0.  0.  0.
  2. 21.  9. 27. 13.  0.  0.  0.  0.  0.  0.  0.  0.  0.  3. 25.  4.  8.
 10. 11.  0.  0.  0.  0.  0.  0.  0.  0.  0. 23. 22. 20.  6.  0.  0.  0.
  0.  0.  0.  0.  0.  0.  0.  0.  0. 24. 12.  0.  7.  0.  0.  0.  0.  0.
  0.  0.  0.  0.  0. 26. 14. 16. 18. 19.  0.  0.  0.  0.  0.  0.  0.  0.
  0. 28. 15.  0. 17.  0.  0.  0.  0.  0.  0.  0.  0.  0.  0.  0.  0.  0.
  0.  0.  0.  0.  0.  0.  0.  0.  0.]