[ 0.  0.  0.  0.  0.  0.  0.  0.  0.  0.  0.  0.  0.  0.  0.  0.  0.  0.
  0.  0.  0.  0.  0.  0.  0.  0.  0.  0.  0.  0.  0.  0.  0.  0.  0.  0.
  0.  0.  0.  0.  0.  0.  0.  0.  0.  0.  0.  0.  0.  0.  0.  0. 23.  0.
  0.  0.  0.  0.  0.  0.  0.  0.  0.  0.  0.  6. 14.  0.  0.  0.  0.  0.
  0.  0.  0.  0.  0.  0.  0.  0.  8.  5.  7.  0. 30. 26.  0.  0.  0.  0.
  0.  0.  0.  0. 22. 18.  4.  1.  9. 25.  0.  0.  0.  0.  0.  0.  0.  0.
  0.  0. 19.  2. 10.  3. 13.  0.  0.  0.  0.  0.  0.  0.  0.  0.  0.  0.
 20. 17. 11. 27.  0.  0.  0.  0.  0.  0.  0.  0.  0.  0. 24. 21. 15. 12.
 29. 28.  0.  0.  0.  0.  0.  0.  0.  0.  0.  0. 16.  0.  0. 31.  0.  0.
  0.  0.  0.  0.  0.  0.  0.  0.  0.  0.  0.  0.  0.  0.  0.  0.  0.  0.
  0.  0.  0.  0.  0.  0.  0.  0.  0.  0.  0.  0.  0.  0.  0.  0.  0.  0.
  0.  0.  0.  0.  0.  0.  0.  0.  0.  0.  0.  0.  0.  0.  0.  0.  0.  0.
  0.  0.  0.  0.  0.  0.  0.  0.  0.]