[ 0.  0.  0.  0.  0.  0.  0.  0.  0.  0.  0.  0.  0.  0.  0.  0.  0.  0.
  0.  0.  0.  0.  0.  0.  0.  0.  0.  0.  0.  0.  0.  0.  0.  0.  0.  0.
  0.  0.  0.  0.  0.  0.  0.  0.  0.  0.  0.  0.  0. 17.  0.  0.  0.  0.
  0.  0.  0.  0.  0.  0.  0.  0.  0.  0.  0. 16.  0.  0.  0.  0.  0.  0.
  0.  0.  0.  0.  0.  0.  0.  0.  0. 12. 26. 27.  8.  0.  0.  0.  0.  0.
  0.  0.  0.  0.  0.  0.  3.  6.  5.  0.  0.  0.  0.  0.  0.  0.  0.  0.
  0.  0.  0. 11.  1.  2. 19.  0.  0.  0.  0.  0.  0. 46. 23.  0.  0. 42.
  7. 33.  4. 15.  0.  0.  0.  0.  0.  0.  0. 45. 22. 39.  9. 13. 18.  0.
 43. 50.  0.  0.  0.  0.  0.  0.  0. 29. 10. 28. 14. 30. 31. 44.  0.  0.
  0.  0.  0.  0.  0.  0.  0. 35. 20. 34. 32. 36. 37.  0.  0.  0.  0.  0.
  0.  0.  0.  0. 21. 47. 24. 38.  0.  0.  0.  0.  0.  0.  0.  0.  0.  0.
  0.  0.  0. 48. 25. 40.  0.  0.  0.  0.  0.  0.  0.  0.  0.  0.  0. 49.
  0.  0.  0. 41.  0.  0.  0.  0.  0.]