[ 0.  0.  0.  0.  0.  0.  0.  0.  0.  0.  0.  0.  0.  0.  0.  0.  0.  0.
  0.  0.  0.  0.  0.  0.  0.  0.  0.  0.  0.  0.  0.  0.  0.  0.  0.  0.
  0. 33.  0.  0.  0.  0.  0.  0.  0.  0.  0.  0.  0.  0.  0. 30.  0. 22.
  0.  0.  0.  0.  0.  0.  0.  0.  0.  0.  0. 28. 29. 21.  0.  0.  0.  0.
  0.  0.  0.  0.  0.  0.  0. 18. 27.  5.  0.  0.  0.  0.  0.  0.  0.  0.
  0.  0.  0. 32. 31. 17.  9.  2.  6.  8. 10. 11.  0.  0.  0.  0.  0. 34.
 24. 19. 23.  1.  3.  4.  0.  0.  0.  0.  0.  0.  0.  0.  0. 20.  0. 25.
 12. 13.  7. 14.  0.  0.  0.  0.  0.  0.  0.  0.  0.  0. 26.  0.  0. 15.
  0.  0.  0.  0.  0.  0.  0.  0.  0.  0.  0.  0.  0.  0.  0. 16.  0.  0.
  0.  0.  0.  0.  0.  0.  0.  0.  0.  0.  0.  0.  0.  0.  0.  0.  0.  0.
  0.  0.  0.  0.  0.  0.  0.  0.  0.  0.  0.  0.  0.  0.  0.  0.  0.  0.
  0.  0.  0.  0.  0.  0.  0.  0.  0.  0.  0.  0.  0.  0.  0.  0.  0.  0.
  0.  0.  0.  0.  0.  0.  0.  0.  0.]