[ 0.  0.  0.  0.  0.  0.  0.  0.  0.  0.  0.  0.  0.  0.  0.  0.  0.  0.
  0.  0.  0.  0.  0.  0.  0.  0.  0.  0.  0.  0.  0.  0.  0.  0.  0.  0.
  0.  0.  0.  0.  0.  0.  0.  0.  0.  0.  0.  0.  0.  0.  0.  0.  0.  0.
  0.  0.  0.  0.  0.  0.  0.  0. 24.  0.  0.  0.  0. 23.  0.  0.  0.  0.
  0.  0.  0.  0.  0. 22. 21. 14. 15. 10.  4.  0.  0.  0.  0.  0.  0.  0.
  0.  0.  0.  0. 13.  2.  1.  0.  0.  0.  0.  0.  0.  0.  0.  0.  0.  0.
 12. 11.  3.  9. 16.  0.  0.  0.  0.  0.  0.  0.  0.  0.  0. 31.  5. 18.
  7. 17.  0.  0.  0.  0.  0.  0.  0.  0.  0. 40.  6. 20. 27. 26.  8.  0.
  0.  0.  0.  0.  0.  0.  0.  0.  0. 30. 19. 43. 25.  0.  0.  0.  0.  0.
  0.  0.  0. 39. 38. 32. 28. 36. 37.  0. 29.  0.  0.  0.  0.  0.  0.  0.
  0. 33.  0. 34. 45. 41.  0.  0. 47.  0.  0.  0.  0.  0.  0.  0.  0. 42.
 35.  0. 44.  0.  0.  0.  0.  0.  0.  0.  0.  0.  0.  0. 46.  0.  0.  0.
  0.  0.  0.  0.  0.  0.  0.  0.  0.]