[ 0.  0.  0.  0.  0.  0.  0.  0.  0.  0.  0.  0.  0.  0.  0.  0.  0.  0.
  0.  0.  0.  0.  0.  0.  0.  0.  0.  0.  0.  0.  0.  0.  0.  0.  0.  0.
  0.  0.  0.  0.  0.  0.  0.  0.  0.  0.  0.  0.  0.  0.  0.  0.  0.  0.
  0.  0.  0.  0.  0.  0.  0.  0.  0.  0.  0.  0.  0.  0.  0.  0.  0.  0.
  0.  0.  0.  0.  0.  0.  0. 13.  0.  3. 14.  0. 16.  0.  0.  0.  0.  0.
  0.  0.  0.  0.  0. 12.  2.  1.  7.  9.  0.  0.  0.  0.  0.  0.  0.  0.
  0.  0.  0. 10.  5.  4.  0.  0.  0.  0.  0.  0.  0.  0.  0.  0.  0.  0.
 11.  6.  0.  0.  0.  0.  0.  0.  0.  0.  0.  0.  0.  0. 15.  8.  0.  0.
  0.  0.  0.  0.  0.  0.  0.  0.  0.  0. 17.  0.  0.  0.  0.  0.  0.  0.
  0.  0.  0.  0.  0.  0.  0.  0.  0.  0.  0.  0.  0.  0.  0.  0.  0.  0.
  0.  0.  0.  0.  0.  0.  0.  0.  0.  0.  0.  0.  0.  0.  0.  0.  0.  0.
  0.  0.  0.  0.  0.  0.  0.  0.  0.  0.  0.  0.  0.  0.  0.  0.  0.  0.
  0.  0.  0.  0.  0.  0.  0.  0.  0.]