[ 0.  0.  0.  0.  0.  0.  0.  0.  0.  0.  0.  0.  0.  0.  0.  0.  0.  0.
  0.  0.  0.  0.  0.  0.  0.  0.  0.  0.  0.  0.  0.  0.  0.  0.  0.  0.
  0.  0.  0.  0.  0.  0.  0.  0.  0.  0.  0.  0.  0.  0.  0. 16.  0.  0.
  0.  0.  0.  0.  0.  0.  0.  0.  0.  0.  0.  0. 33. 15.  0.  0.  0.  0.
  0.  0.  0.  0.  0.  0.  0.  0.  6. 17. 22.  9. 21. 19.  0.  0.  0.  0.
  0.  0.  0.  0. 14. 13.  3.  2. 10. 11. 25.  0.  0.  0.  0.  0.  0. 31.
 30. 18. 12.  4.  1.  7. 23.  0.  0.  0.  0.  0.  0.  0. 32.  0.  0.  8.
 27. 20.  5. 24.  0.  0.  0.  0.  0.  0. 34.  0.  0.  0.  0. 28. 26.  0.
  0.  0.  0.  0.  0.  0.  0.  0.  0.  0.  0.  0.  0. 29.  0.  0.  0.  0.
  0.  0.  0.  0.  0.  0.  0.  0.  0.  0.  0.  0.  0.  0.  0.  0.  0.  0.
  0.  0.  0.  0.  0.  0.  0.  0.  0.  0.  0.  0.  0.  0.  0.  0.  0.  0.
  0.  0.  0.  0.  0.  0.  0.  0.  0.  0.  0.  0.  0.  0.  0.  0.  0.  0.
  0.  0.  0.  0.  0.  0.  0.  0.  0.]