[ 0.  0.  0.  0.  0.  0.  0.  0.  0.  0.  0.  0.  0.  0.  0.  0.  0.  0.
  0.  0.  0.  0.  0.  0.  0.  0.  0.  0.  0.  0.  0.  0.  0.  0.  0. 47.
  0.  0.  0.  0.  0.  0.  0.  0.  0.  0.  0.  0.  0.  0.  0. 41.  0.  0.
  0.  0. 18.  0.  0.  0.  0.  0.  0.  0.  0. 44.  0. 45.  0. 14. 17.  0.
  0.  0.  0.  0. 43.  0.  0. 37.  0. 25. 12. 19. 13.  0.  0.  0.  0.  0.
  0.  0. 42. 33. 36.  0.  4.  7.  5.  9. 10.  0.  0.  0.  0.  0.  0.  0.
 40. 32. 21. 24.  1.  8. 11. 46.  0.  0.  0.  0.  0.  0.  0. 23. 20. 22.
  6.  2.  3. 15.  0.  0.  0.  0.  0.  0.  0.  0. 39. 34. 38. 26. 28. 29.
 16.  0.  0.  0.  0.  0.  0.  0.  0.  0. 35.  0. 27. 30.  0.  0.  0.  0.
  0.  0.  0.  0.  0.  0.  0.  0.  0.  0.  0. 31.  0.  0.  0.  0.  0.  0.
  0.  0.  0.  0.  0.  0.  0.  0.  0.  0.  0.  0.  0.  0.  0.  0.  0.  0.
  0.  0.  0.  0.  0.  0.  0.  0.  0.  0.  0.  0.  0.  0.  0.  0.  0.  0.
  0.  0.  0.  0.  0.  0.  0.  0.  0.]