[ 0.  0.  0.  0.  0.  0.  0.  0.  0.  0.  0.  0.  0.  0.  0.  0.  0.  0.
  0.  0.  0.  0.  0.  0.  0.  0.  0.  0.  0.  0.  0.  0.  0.  0.  0.  0.
  0.  0.  0.  0.  0.  0.  0.  0.  0.  0.  0.  0.  0.  0.  0.  0.  0.  0.
  0.  0.  0.  0.  0.  0.  0.  0.  0.  0.  0.  0. 15. 21.  0.  0.  0.  0.
  0.  0.  0.  0.  0.  0.  0.  0.  5. 14. 13. 11.  0.  0.  0.  0.  0.  0.
  0.  0.  0.  0.  0.  4.  1.  8.  9.  0.  0.  0.  0.  0.  0.  0.  0.  0.
  0. 18.  0.  2.  3.  0. 16.  0.  0.  0.  0.  0.  0.  0.  0. 20.  0. 10.
  0.  7.  6.  0.  0.  0.  0.  0.  0.  0.  0. 22.  0.  0.  0. 12. 17.  0.
  0.  0.  0.  0.  0.  0.  0.  0.  0.  0.  0.  0.  0. 19.  0.  0.  0.  0.
  0.  0.  0.  0.  0.  0.  0.  0.  0.  0.  0.  0.  0.  0.  0.  0.  0.  0.
  0.  0.  0.  0.  0.  0.  0.  0.  0.  0.  0.  0.  0.  0.  0.  0.  0.  0.
  0.  0.  0.  0.  0.  0.  0.  0.  0.  0.  0.  0.  0.  0.  0.  0.  0.  0.
  0.  0.  0.  0.  0.  0.  0.  0.  0.]