[ 0.  0.  0.  0.  0.  0.  0.  0.  0.  0.  0.  0.  0.  0.  0.  0.  0.  0.
  0.  0.  0.  0.  0.  0.  0.  0.  0.  0.  0.  0.  0.  0.  0.  0.  0.  0.
  0.  0.  0.  0.  0.  0.  0.  0.  0.  0.  0.  0.  0.  0.  0.  0.  0.  0.
  0.  0.  0.  0.  0.  0.  0.  0.  0.  0.  0.  0.  0.  0.  0.  0.  0.  0.
  0.  0.  0.  0.  0.  0.  0.  0.  0. 21.  0. 25.  0.  0.  0.  0.  0.  0.
  0.  0.  0.  0.  0.  9.  6.  8.  2. 10. 11.  0.  0.  0.  0.  0.  0.  0.
  0.  0.  0.  4.  1.  3. 12. 16.  0.  0.  0.  0.  0.  0.  0.  0.  0.  0.
 20. 19.  5. 17. 15. 18.  0.  0.  0.  0.  0.  0.  0.  0.  0. 22.  0.  0.
  7.  0.  0. 24.  0.  0.  0.  0.  0.  0.  0.  0. 23.  0.  0.  0. 13.  0.
  0. 26.  0.  0.  0.  0.  0.  0.  0.  0.  0.  0.  0.  0. 14.  0.  0.  0.
  0.  0.  0.  0.  0.  0.  0.  0.  0.  0.  0.  0.  0.  0.  0.  0.  0.  0.
  0.  0.  0.  0.  0.  0.  0.  0.  0.  0.  0.  0.  0.  0.  0.  0.  0.  0.
  0.  0.  0.  0.  0.  0.  0.  0.  0.]