[ 0.  0.  0.  0.  0.  0.  0.  0.  0.  0.  0.  0.  0.  0.  0.  0.  0.  0.
  0.  0.  0.  0.  0.  0.  0.  0.  0.  0.  0.  0.  0.  0.  0.  0.  0.  0.
  0.  0.  0.  0.  0.  0.  0.  0.  0.  0.  0.  0.  0.  0.  0.  0.  0. 10.
  0.  0.  0.  0.  0.  0.  0.  0.  0.  0.  0.  0.  0.  0.  9.  0.  0.  0.
  0.  0.  0.  0.  0.  0.  0.  0.  0.  0. 36.  7.  0.  0.  0.  0.  0.  0.
  0. 35.  0.  0.  0.  0. 11.  2.  3.  0.  0.  0.  0.  0.  0.  0. 31. 34.
  0.  0. 25.  6.  1.  5.  0.  0.  0.  0.  0.  0.  0. 47. 30. 32. 15. 14.
  4. 12.  8. 13.  0.  0.  0.  0.  0.  0.  0. 23. 22. 16. 20. 18. 21. 38.
  0.  0.  0.  0.  0.  0.  0.  0.  0. 17. 28. 24. 19. 37.  0.  0.  0.  0.
  0.  0.  0.  0.  0.  0.  0. 45. 26. 33.  0.  0.  0.  0.  0.  0.  0.  0.
  0.  0.  0. 44. 43. 27. 29. 41. 42.  0.  0.  0.  0.  0.  0.  0.  0.  0.
  0. 39.  0. 46.  0.  0.  0.  0.  0.  0.  0.  0.  0.  0.  0. 40.  0.  0.
  0.  0.  0.  0.  0.  0.  0.  0.  0.]