[ 0.  0.  0.  0.  0.  0.  0.  0.  0.  0.  0.  0.  0.  0.  0.  0.  0.  0.
  0.  0.  0.  0.  0.  0.  0.  0.  0.  0.  0.  0.  0.  0.  0.  0.  0.  0.
  0.  0.  0.  0.  0.  0.  0.  0.  0.  0.  0.  0.  0.  0.  0.  0.  0.  0.
  0.  0.  0.  0.  0.  0.  0.  0.  0.  0.  6.  0.  0.  0. 19.  0.  0.  0.
  0.  0.  0.  0.  0.  0.  0.  0.  5. 16. 15. 11.  0.  0.  0.  0.  0.  0.
  0.  0.  0.  0.  0.  0.  3.  4.  0.  0.  0.  0.  0.  0.  0.  0.  0.  0.
  0.  0.  9.  2.  1.  0.  0.  0.  0.  0.  0.  0.  0.  0.  0.  0. 17. 10.
  0.  0.  7.  0.  0.  0.  0.  0.  0.  0.  0.  0. 18. 12.  0. 14.  0.  0.
  8.  0.  0.  0.  0.  0.  0.  0.  0. 13.  0.  0.  0.  0.  0.  0.  0.  0.
  0.  0.  0.  0.  0.  0.  0.  0.  0.  0.  0.  0.  0.  0.  0.  0.  0.  0.
  0.  0.  0.  0.  0.  0.  0.  0.  0.  0.  0.  0.  0.  0.  0.  0.  0.  0.
  0.  0.  0.  0.  0.  0.  0.  0.  0.  0.  0.  0.  0.  0.  0.  0.  0.  0.
  0.  0.  0.  0.  0.  0.  0.  0.  0.]