[ 0.  0.  0.  0.  0.  0.  0.  0.  0.  0.  0.  0.  0.  0.  0.  0.  0.  0.
  0.  0.  0.  0.  0.  0.  0.  0.  0.  0.  0.  0.  0.  0.  0.  0.  0.  0.
  0.  0.  0.  0.  0.  0.  0.  0.  0.  0.  0.  0.  0.  0.  0.  0.  0.  0.
  0.  0.  0.  0.  0.  0.  0.  0.  0.  0.  0.  0. 10.  8. 21. 18.  0.  0.
  0.  0.  0.  0.  0.  0.  0.  0.  0.  0.  7. 17.  0.  0.  0.  0.  0.  0.
  0.  0.  0.  0.  0.  0.  0.  1.  3.  4.  0.  0.  0.  0.  0.  0.  0.  0.
  0.  0. 16. 15.  5. 13.  9. 14.  0.  0.  0.  0.  0.  0.  0.  0.  0.  0.
  6.  0. 19.  0. 11.  0.  0.  0.  0.  0.  0.  0.  0.  0.  0.  0.  2. 20.
  0.  0. 12.  0.  0.  0.  0.  0.  0.  0.  0.  0.  0.  0.  0.  0.  0.  0.
  0.  0.  0.  0.  0.  0.  0.  0.  0.  0.  0.  0.  0.  0.  0.  0.  0.  0.
  0.  0.  0.  0.  0.  0.  0.  0.  0.  0.  0.  0.  0.  0.  0.  0.  0.  0.
  0.  0.  0.  0.  0.  0.  0.  0.  0.  0.  0.  0.  0.  0.  0.  0.  0.  0.
  0.  0.  0.  0.  0.  0.  0.  0.  0.]