[ 0.  0.  0.  0.  0.  0.  0.  0.  0.  0.  0.  0.  0.  0.  0.  0.  0.  0.
  0.  0.  0.  0. 40. 39. 19. 37. 11. 38.  0.  0.  0.  0.  0.  0.  0.  0.
  0. 21. 20. 18.  8.  2.  3.  7.  0.  0.  0.  0. 34. 54. 44. 42. 14. 15.
 10. 29.  1.  4.  0.  0.  0.  0.  0. 52. 33. 41.  0.  0. 12. 16.  5.  0.
  9.  0.  0.  0.  0.  0.  0. 51. 27. 26. 22. 24.  6. 25.  0.  0.  0.  0.
  0.  0.  0.  0. 53. 43. 23. 28.  0. 17. 13. 35. 36.  0.  0.  0.  0.  0.
 50. 49. 45. 47. 31. 48.  0. 30.  0.  0.  0.  0.  0.  0.  0.  0.  0. 46.
  0.  0. 32.  0.  0.  0.  0.  0.  0.  0.  0.  0.  0.  0.  0.  0.  0.  0.
  0.  0.  0.  0.  0.  0.  0.  0.  0.  0.  0.  0.  0.  0.  0.  0.  0.  0.
  0.  0.  0.  0.  0.  0.  0.  0.  0.  0.  0.  0.  0.  0.  0.  0.  0.  0.
  0.  0.  0.  0.  0.  0.  0.  0.  0.  0.  0.  0.  0.  0.  0.  0.  0.  0.
  0.  0.  0.  0.  0.  0.  0.  0.  0.  0.  0.  0.  0.  0.  0.  0.  0.  0.
  0.  0.  0.  0.  0.  0.  0.  0.  0.]