[ 0.  0. 33.  0.  0.  0.  0.  0.  0.  0.  0.  0.  0.  0.  0.  0.  0. 32.
  0. 26. 27. 38.  0.  0.  0.  0.  0.  0.  0.  0.  0.  0. 22.  0. 25. 35.
  0.  0.  0.  0.  0.  0.  0.  0.  0.  0.  0. 30. 21. 23. 29. 34.  0.  0.
  0.  0.  0.  0.  0.  0.  0.  0. 28. 37. 17. 36.  0.  0.  0.  0.  0.  0.
  0.  0.  0.  0.  0. 31.  0.  7.  9. 16.  0.  0.  0.  0.  0.  0.  0.  0.
  0. 39.  0.  0. 24.  6. 15.  0.  0. 19.  0.  0.  0.  0.  0.  0.  0.  0.
  0.  5.  8.  1. 20. 18.  0.  0.  0.  0.  0.  0.  0.  0.  0.  0. 14.  2.
  0. 12.  0.  0.  0.  0.  0.  0.  0.  0.  0.  0.  0.  3. 11.  4.  0.  0.
  0.  0.  0.  0.  0.  0.  0.  0.  0.  0.  0. 10.  0.  0.  0.  0.  0.  0.
  0.  0.  0.  0.  0.  0.  0. 13.  0.  0.  0.  0.  0.  0.  0.  0.  0.  0.
  0.  0.  0.  0.  0.  0.  0.  0.  0.  0.  0.  0.  0.  0.  0.  0.  0.  0.
  0.  0.  0.  0.  0.  0.  0.  0.  0.  0.  0.  0.  0.  0.  0.  0.  0.  0.
  0.  0.  0.  0.  0.  0.  0.  0.  0.]