[ 0.  0.  0.  0.  0. 33. 31.  0.  0.  0.  0.  0.  0.  0.  0.  0.  0.  0.
  0.  0. 38. 30.  0. 25. 45.  0.  0.  0.  0.  0.  0.  0.  0.  0. 37. 48.
 28. 24. 46. 44. 47.  0.  0.  0.  0.  0.  0.  0. 21. 17. 19. 22. 41. 32.
 36.  0.  0.  0.  0.  0.  0.  0. 13.  0. 16. 20. 26. 27.  0. 34.  0.  0.
  0.  0.  0.  0. 39.  0. 12. 14. 15. 29.  0.  0. 42. 35.  0.  0.  0.  0.
 40.  0. 18. 23.  8.  9.  4.  0.  0. 43.  0.  0.  0.  0.  0.  0.  0.  0.
  0.  0.  6.  5.  1.  0.  0.  0.  0.  0.  0.  0.  0.  0.  0.  0.  7.  0.
  2. 10.  3.  0.  0.  0.  0.  0.  0.  0.  0.  0.  0.  0.  0.  0. 11.  0.
  0.  0.  0.  0.  0.  0.  0.  0.  0.  0.  0.  0.  0.  0.  0.  0.  0.  0.
  0.  0.  0.  0.  0.  0.  0.  0.  0.  0.  0.  0.  0.  0.  0.  0.  0.  0.
  0.  0.  0.  0.  0.  0.  0.  0.  0.  0.  0.  0.  0.  0.  0.  0.  0.  0.
  0.  0.  0.  0.  0.  0.  0.  0.  0.  0.  0.  0.  0.  0.  0.  0.  0.  0.
  0.  0.  0.  0.  0.  0.  0.  0.  0.]