[ 0.  0.  0.  0.  0.  0.  0.  0.  0.  0.  0.  0.  0.  0.  0.  0.  0.  0.
  0.  0.  0.  0.  0.  0.  0.  0.  0.  0.  0.  0.  0.  0.  0.  0.  0.  0.
  0.  0.  0.  0.  0.  0.  0.  0.  0.  0.  0.  0.  0. 10.  0.  0.  0.  0.
  0.  0.  0.  0.  0.  0.  0.  0.  0.  0.  0.  9. 25.  0.  0.  0.  0.  0.
  0.  0.  0.  0.  0.  0.  0.  0.  0.  7.  6.  0.  0.  0.  0.  0.  0.  0.
  0.  0.  0.  0.  0.  0. 12.  1.  2.  0.  0.  0.  0.  0.  0.  0.  0.  0.
  0.  0.  0. 11.  4.  3. 16.  0.  0.  0.  0.  0.  0.  0.  0.  0.  0.  0.
  5. 14. 13.  8. 24.  0.  0.  0.  0.  0.  0.  0.  0.  0.  0. 18. 15. 19.
 21. 22. 26.  0.  0.  0.  0.  0.  0.  0.  0.  0. 17.  0. 20. 23.  0.  0.
  0.  0.  0.  0.  0.  0.  0.  0.  0.  0.  0.  0.  0.  0.  0.  0.  0.  0.
  0.  0.  0.  0.  0.  0.  0.  0.  0.  0.  0.  0.  0.  0.  0.  0.  0.  0.
  0.  0.  0.  0.  0.  0.  0.  0.  0.  0.  0.  0.  0.  0.  0.  0.  0.  0.
  0.  0.  0.  0.  0.  0.  0.  0.  0.]