[ 0.  0.  0.  0.  0.  0.  0.  0.  0.  0.  0.  0.  0.  0.  0.  0.  0.  0.
  0.  0.  0.  0.  0.  0.  0.  0.  0.  0.  0.  0.  0.  0.  0.  0.  0.  0.
  0.  0.  0.  0.  0.  0.  0.  0.  0.  0.  0.  0.  0.  0.  0.  0.  0.  0.
  0.  0.  0.  0.  0.  0.  0.  0.  0.  0. 16.  0.  0.  0.  0.  0.  0.  0.
  0.  0.  0.  0.  0.  0.  0.  0. 15.  0.  0.  0.  0.  0.  0.  0.  0.  0.
  0.  0.  0.  0.  0.  0. 11.  4.  0.  0.  0.  0.  0.  0.  0.  0.  0.  0.
  0.  0.  0.  2.  1.  0. 19.  0.  0. 33.  0.  0.  0.  0.  0.  0.  0. 25.
  8.  3.  7.  9. 17. 18.  0.  0.  0.  0.  0.  0.  0.  0.  0. 10.  5.  0.
 14. 32.  0.  0.  0.  0.  0.  0.  0.  0.  0. 21. 12.  6. 20. 22. 23.  0.
  0.  0.  0.  0.  0.  0.  0.  0.  0. 13.  0. 24. 28. 30. 31.  0.  0.  0.
  0.  0.  0.  0.  0.  0.  0. 34.  0. 26.  0.  0.  0.  0.  0.  0.  0.  0.
  0.  0.  0.  0.  0.  0. 29. 27.  0.  0.  0.  0.  0.  0.  0.  0.  0.  0.
  0.  0.  0.  0.  0.  0.  0.  0.  0.]