[ 0.  0.  0.  0.  0.  0.  0.  0.  0.  0.  0.  0.  0.  0.  0.  0.  0.  0.
  0.  0.  0.  0.  0.  0.  0.  0.  0.  0.  0.  0.  0.  0.  0.  0.  0.  0.
  0.  0.  0.  0.  0.  0.  0.  0.  0.  0.  0.  0.  0.  0.  0.  0.  0.  0.
  0.  0.  0.  0.  0.  0.  0.  0.  0.  0.  0.  0. 20.  0. 12.  0.  0.  0.
  0.  0.  0.  0.  0.  0. 33. 27. 13. 31. 11.  0.  0.  0.  0.  0.  0.  0.
  0.  0. 18.  0. 19. 26.  7. 23.  0.  0.  0.  0.  0.  0.  0.  0.  0.  0.
 17. 30.  5.  6.  1.  0.  0.  0.  0.  0.  0.  0.  0.  0. 21.  0.  9.  8.
  2. 24. 14. 25.  0.  0.  0.  0.  0.  0. 22.  0. 10.  0.  3.  0.  4. 28.
  0.  0.  0.  0.  0.  0.  0.  0.  0.  0.  0.  0. 15. 32.  0. 29.  0.  0.
  0.  0.  0.  0.  0.  0.  0.  0.  0.  0. 16.  0.  0.  0.  0.  0.  0.  0.
  0.  0.  0.  0.  0.  0.  0.  0.  0.  0.  0.  0.  0.  0.  0.  0.  0.  0.
  0.  0.  0.  0.  0.  0.  0.  0.  0.  0.  0.  0.  0.  0.  0.  0.  0.  0.
  0.  0.  0.  0.  0.  0.  0.  0.  0.]