[ 0.  0.  0.  0.  0.  0.  0.  0.  0.  0.  0.  0.  0.  0.  0.  0.  0.  0.
  0.  0.  0.  0.  0.  0.  0.  0.  0.  0.  0.  0.  0.  0.  0.  0.  0.  0.
  0.  0.  0.  0.  0.  0.  0.  0.  0.  0.  0.  0.  0.  0.  0.  0.  0.  0.
 17.  0.  0.  0.  0.  0.  0.  0.  0.  0.  0.  0.  0.  0. 16.  0. 22.  0.
  0.  0.  0.  0.  0.  0.  0.  0.  0. 18.  6.  0. 21.  0.  0.  0.  0.  0.
  0.  0.  0.  0.  0.  0.  2.  3. 19.  0.  0.  0.  0.  0.  0.  0.  0.  0.
  0.  0. 12.  4.  1. 24.  0.  0.  0.  0.  0.  0.  0.  0.  0.  0. 15.  0.
  5.  8.  7.  0.  0.  0.  0.  0.  0.  0.  0.  0.  0.  0. 20.  0.  9. 23.
 27. 28.  0.  0.  0.  0.  0.  0.  0.  0.  0.  0. 10.  0. 11.  0.  0.  0.
  0.  0.  0.  0.  0.  0.  0.  0. 32. 31. 29. 25. 13. 33.  0.  0.  0.  0.
  0.  0.  0.  0.  0.  0. 30.  0. 26.  0. 14.  0.  0.  0.  0.  0.  0.  0.
  0.  0.  0.  0.  0.  0.  0.  0.  0.  0.  0.  0.  0.  0.  0.  0.  0.  0.
  0.  0.  0.  0.  0.  0.  0.  0.  0.]