[ 0.  0.  0.  0.  0.  0.  0.  0.  0.  0.  0.  0.  0.  0.  0.  0.  0.  0.
  0.  0.  0.  0.  0.  0.  0.  0.  0.  0.  0.  0.  0.  0.  0.  0.  0.  0.
  0.  0.  0.  0.  0.  0.  0.  0.  0.  0.  0.  0.  0.  0. 11.  0. 15.  0.
  0.  0.  0.  0.  0.  0.  0.  0.  0.  0. 19.  0. 10.  0.  0.  0.  0.  0.
  0.  0.  0.  0.  0.  0. 23. 18. 12. 22.  6. 24.  0.  0.  0.  0.  0.  0.
  0.  0.  0.  0. 14.  0.  0.  0.  2.  0.  0.  0.  0.  0.  0.  0.  0.  0.
 16.  8.  7.  5.  1.  3.  4.  0.  0.  0.  0.  0.  0.  0. 17.  0. 20.  0.
  0.  0.  0. 13.  9.  0.  0.  0.  0.  0.  0.  0.  0. 21.  0.  0.  0.  0.
  0.  0.  0.  0.  0.  0.  0.  0.  0.  0.  0.  0.  0.  0.  0.  0.  0.  0.
  0.  0.  0.  0.  0.  0.  0.  0.  0.  0.  0.  0.  0.  0.  0.  0.  0.  0.
  0.  0.  0.  0.  0.  0.  0.  0.  0.  0.  0.  0.  0.  0.  0.  0.  0.  0.
  0.  0.  0.  0.  0.  0.  0.  0.  0.  0.  0.  0.  0.  0.  0.  0.  0.  0.
  0.  0.  0.  0.  0.  0.  0.  0.  0.]