[ 0.  0.  0.  0.  0.  0.  0.  0.  0.  0.  0.  0.  0.  0.  0.  0.  0.  0.
  0.  0.  0.  0.  0.  0.  0.  0.  0.  0.  0.  0.  0.  0.  0.  0.  0.  0.
  0.  0.  0.  0.  0.  0.  0.  0.  0.  0.  0.  0.  0.  0.  0.  0.  0.  0.
  0.  0.  0.  0.  0.  0.  0.  0.  0. 22.  0.  0.  0.  0.  0.  0.  0.  0.
  0.  0.  0.  0.  0.  0.  0. 21. 18. 32.  8. 16.  0.  0.  0.  0.  0.  0.
  0.  0.  0.  0.  0. 11. 14.  7. 13.  0.  0.  0.  0.  0.  0.  0.  0.  0.
 30. 29. 17.  9.  1. 10.  0.  0.  0.  0.  0.  0.  0.  0.  0. 31.  0. 15.
  2.  5.  4.  0.  0.  0.  0.  0.  0.  0. 28. 27. 25. 19. 23. 26.  3. 12.
  0.  0.  0.  0.  0.  0.  0. 33.  0. 20.  0. 24.  0.  6.  0.  0.  0.  0.
  0.  0.  0.  0.  0.  0.  0.  0.  0.  0.  0.  0.  0.  0.  0.  0.  0.  0.
  0.  0.  0.  0.  0.  0.  0.  0.  0.  0.  0.  0.  0.  0.  0.  0.  0.  0.
  0.  0.  0.  0.  0.  0.  0.  0.  0.  0.  0.  0.  0.  0.  0.  0.  0.  0.
  0.  0.  0.  0.  0.  0.  0.  0.  0.]