[ 0.  0.  0.  0.  0.  0.  0.  0.  0.  0.  0.  0.  0.  0.  0.  0.  0.  0.
  0.  0.  0.  0.  0.  0.  0.  0.  0.  0.  0.  0.  0.  0.  0.  0.  0. 25.
  0.  0.  0.  0.  0.  0.  0.  0.  0.  0.  0.  0.  0.  0.  0. 24.  0.  0.
  0.  0.  0.  0.  0.  0.  0.  0.  0.  0.  8.  0.  0. 22.  0. 27.  0. 19.
  0.  0.  0.  0.  0.  0. 14. 13.  7.  9. 11. 12. 28. 18.  0.  0.  0.  0.
  0.  0.  0.  0.  0.  0.  5. 21. 15. 16.  0.  0.  0.  0.  0.  0.  0.  0.
  0.  0.  0. 10.  3.  2. 20. 23.  0.  0.  0.  0.  0.  0.  0.  0.  0.  0.
  0.  4.  1. 26.  0.  0.  0.  0.  0.  0.  0.  0.  0.  0.  0. 17.  0.  0.
  6.  0.  0.  0.  0.  0.  0.  0.  0.  0.  0.  0.  0.  0.  0.  0.  0.  0.
  0.  0.  0.  0.  0.  0.  0.  0.  0.  0.  0.  0.  0.  0.  0.  0.  0.  0.
  0.  0.  0.  0.  0.  0.  0.  0.  0.  0.  0.  0.  0.  0.  0.  0.  0.  0.
  0.  0.  0.  0.  0.  0.  0.  0.  0.  0.  0.  0.  0.  0.  0.  0.  0.  0.
  0.  0.  0.  0.  0.  0.  0.  0.  0.]