[ 0.  0.  0.  0.  0.  0.  0.  0.  0.  0.  0.  0.  0.  0.  0.  0.  0.  0.
  0.  0.  0.  0.  0.  0.  0.  0.  0.  0.  0.  0.  0.  0.  0.  0.  0.  0.
  0.  0.  0.  0.  0.  0.  0.  0.  0.  0.  0.  0.  0.  0.  0. 27.  0.  0.
  0.  0.  0.  0.  0.  0.  0.  0.  0.  0.  0. 26.  0. 24.  0.  0.  0.  0.
  0.  0.  0.  0.  0.  0.  0. 12. 25.  0. 23. 35.  0.  0.  0.  0.  0.  0.
  0.  0.  0. 22. 21. 11. 32. 17. 31.  0.  0.  0.  0.  0.  0.  0.  0. 28.
 30. 14. 13.  5.  1.  7.  8.  0.  0.  0.  0.  0.  0. 29.  0.  0. 20. 15.
  0.  3. 33.  2.  0.  0.  0.  0.  0.  0.  0.  0. 19. 18. 16.  4.  6.  9.
  0.  0.  0.  0.  0.  0.  0.  0.  0.  0.  0.  0.  0.  0. 34. 10.  0.  0.
  0.  0.  0.  0.  0.  0.  0.  0.  0.  0.  0.  0.  0.  0.  0.  0.  0.  0.
  0.  0.  0.  0.  0.  0.  0.  0.  0.  0.  0.  0.  0.  0.  0.  0.  0.  0.
  0.  0.  0.  0.  0.  0.  0.  0.  0.  0.  0.  0.  0.  0.  0.  0.  0.  0.
  0.  0.  0.  0.  0.  0.  0.  0.  0.]