[ 0.  0.  0.  0.  0.  0.  0.  0.  0.  0.  0.  0.  0.  0.  0.  0.  0.  0.
  0.  0.  0.  0.  0.  0.  0.  0.  0.  0.  0.  0.  0.  0.  0.  0.  0.  0.
  0.  0.  0.  0.  0.  0.  0.  0.  0.  0.  0.  0.  0.  0.  0.  0.  0.  0.
  0.  0.  0.  0.  0.  0.  0.  0.  0.  0.  0. 15. 31.  0. 29.  0.  0.  0.
  0.  0.  0.  0.  0.  0.  0. 13. 14. 23. 28.  0.  0.  0.  0.  0.  0.  0.
  0.  0. 33. 32. 30. 12. 18. 34.  0.  0.  0.  0.  0.  0.  0.  0.  0. 27.
 26. 16.  4.  8.  1.  0.  0.  0.  0.  0.  0.  0.  0.  0.  0.  0. 24.  0.
  2.  6.  7.  0.  0.  0.  0.  0.  0.  0.  0.  0. 21. 22.  3.  9.  5. 10.
 17.  0.  0.  0.  0.  0.  0.  0.  0.  0. 25.  0.  0.  0.  0. 11. 19.  0.
  0.  0.  0.  0.  0.  0.  0.  0.  0.  0.  0.  0.  0.  0. 20.  0.  0.  0.
  0.  0.  0.  0.  0.  0.  0.  0.  0.  0.  0.  0.  0.  0.  0.  0.  0.  0.
  0.  0.  0.  0.  0.  0.  0.  0.  0.  0.  0.  0.  0.  0.  0.  0.  0.  0.
  0.  0.  0.  0.  0.  0.  0.  0.  0.]