[ 0.  0.  0.  0.  0.  0.  0.  0.  0.  0.  0.  0.  0.  0.  0.  0.  0.  0.
  0.  0.  0.  0.  0.  0.  0.  0.  0.  0.  0.  0.  0.  0.  0.  0.  0.  0.
  0.  0.  0.  0.  0.  0.  0.  0.  0.  0.  0.  0.  0.  0.  0.  0.  0.  0.
  0.  0.  0.  0.  0.  0.  0.  0.  0.  0.  0.  0.  0.  0.  0.  0.  0.  0.
  0.  0.  0.  0.  0.  0.  0.  0.  0. 29.  4. 22.  0.  0.  0.  0.  0.  0.
  0.  0.  0.  0.  0.  0.  0.  1. 21. 20. 18.  0.  0.  0.  0.  0.  0.  0.
  0.  0.  0.  2.  3. 19. 17.  0.  0.  0.  0.  0.  0.  0.  0.  0.  0.  0.
  6.  5. 13. 25. 23. 26.  0.  0.  0.  0.  0.  0.  0.  0. 10.  9.  7. 11.
 12. 27. 24.  0.  0.  0.  0.  0.  0.  0.  0.  0. 15.  8. 14.  0.  0. 28.
  0.  0.  0.  0.  0.  0.  0.  0. 16.  0.  0.  0.  0.  0.  0.  0.  0.  0.
  0.  0.  0.  0.  0.  0.  0.  0.  0.  0.  0.  0.  0.  0.  0.  0.  0.  0.
  0.  0.  0.  0.  0.  0.  0.  0.  0.  0.  0.  0.  0.  0.  0.  0.  0.  0.
  0.  0.  0.  0.  0.  0.  0.  0.  0.]