[ 0.  0.  0.  0.  0.  0.  0.  0.  0.  0.  0.  0.  0.  0.  0.  0.  0.  0.
  0.  0.  0.  0.  0.  0.  0.  0.  0.  0.  0.  0.  0.  0.  0.  0.  0.  0.
  0.  0.  0.  0.  0.  0.  0.  0.  0.  0.  0.  0.  0.  0.  0.  0.  0.  0.
  9.  0.  0.  0.  0.  0.  0.  0.  0.  0.  0.  0.  0.  0.  8. 18.  0.  0.
  0.  0.  0.  0.  0.  0.  0.  0. 16. 12.  4. 15.  0.  0.  0.  0.  0.  0.
  0.  0.  0.  0.  0.  0.  2.  3. 10.  0.  0.  0.  0.  0.  0.  0.  0.  0.
  0.  0.  6.  5.  1. 11. 13. 14.  0.  0.  0.  0.  0.  0.  0.  0.  7. 17.
  0.  0.  0.  0.  0.  0.  0.  0.  0.  0.  0.  0.  0. 19.  0.  0.  0.  0.
  0.  0.  0.  0.  0.  0.  0.  0.  0.  0.  0.  0.  0.  0.  0.  0.  0.  0.
  0.  0.  0.  0.  0.  0.  0.  0.  0.  0.  0.  0.  0.  0.  0.  0.  0.  0.
  0.  0.  0.  0.  0.  0.  0.  0.  0.  0.  0.  0.  0.  0.  0.  0.  0.  0.
  0.  0.  0.  0.  0.  0.  0.  0.  0.  0.  0.  0.  0.  0.  0.  0.  0.  0.
  0.  0.  0.  0.  0.  0.  0.  0.  0.]