[ 0.  0.  0.  0.  0.  0.  0.  0.  0.  0.  0.  0.  0.  0.  0.  0.  0.  0.
  0.  0.  0.  0.  0.  0.  0.  0.  0.  0.  0.  0.  0.  0.  0.  0.  0.  0.
  0.  0.  0.  0.  0.  0.  0.  0.  0.  0.  0.  0.  0.  0.  0.  0.  0.  0.
  0.  0.  0.  0.  0.  0.  0.  0.  0.  0.  0. 15.  0.  0.  0.  0.  6.  0.
  0.  0.  0.  0.  0.  0.  0.  0.  0. 14.  0.  0.  5.  0.  0.  0.  0.  0.
  0.  0.  0.  0.  0. 19. 10.  2.  3.  0.  0.  0.  0.  0.  0.  0.  0.  0.
  0.  0. 18. 22.  1.  4. 26.  0.  0.  0.  0.  0.  0.  0.  0.  0.  0. 16.
  7. 11.  9. 12.  0.  0.  0.  0.  0.  0.  0.  0.  0.  0.  8.  0. 17.  0.
  0. 13.  0.  0.  0.  0.  0.  0.  0.  0.  0. 20. 25. 23.  0.  0.  0.  0.
  0.  0.  0.  0.  0.  0.  0.  0. 21.  0. 24.  0.  0.  0.  0.  0.  0.  0.
  0.  0.  0.  0. 27.  0.  0.  0.  0.  0.  0.  0.  0.  0.  0.  0.  0.  0.
  0.  0.  0.  0.  0.  0.  0.  0.  0.  0.  0.  0.  0.  0.  0.  0.  0.  0.
  0.  0.  0.  0.  0.  0.  0.  0.  0.]