[ 0.  0.  0.  0.  0.  0.  0.  0.  0.  0.  0.  0.  0.  0.  0.  0.  0.  0.
  0.  0.  0.  0.  0.  0.  0.  0.  0.  0.  0.  0.  0.  0.  0.  0.  0.  0.
  0.  0.  0.  0.  0.  0.  0.  0.  0.  0.  0.  0.  0.  0.  0.  0.  0.  0.
  0.  0.  0.  0.  0.  0.  0.  0.  0.  0.  0.  0.  0.  0.  0.  0.  0.  0.
  0.  0.  0.  0.  0.  0.  0.  0.  0.  0.  0.  0.  0.  0.  0.  0.  0.  0.
  0.  0.  0.  0.  0.  0.  0. 12.  3.  9.  0.  0.  0.  0.  0.  0.  0.  0.
  0.  0.  0.  0.  1.  2.  0.  0. 27.  0.  0.  0.  0.  0.  0.  0.  0. 18.
  5.  4.  7. 14. 17.  0.  0.  0.  0.  0.  0.  0.  0.  0.  6.  8. 10. 11.
 13. 15.  0.  0.  0.  0.  0.  0.  0.  0.  0. 20. 22. 16. 23.  0.  0.  0.
  0.  0.  0.  0.  0.  0.  0.  0. 21.  0. 25. 19.  0.  0.  0.  0.  0.  0.
  0.  0.  0.  0.  0.  0. 26.  0. 24.  0.  0.  0.  0.  0.  0.  0.  0.  0.
  0.  0.  0.  0.  0.  0.  0.  0.  0.  0.  0.  0.  0.  0.  0.  0.  0.  0.
  0.  0.  0.  0.  0.  0.  0.  0.  0.]