[ 0.  0.  0.  0.  0.  0.  0.  0.  0.  0.  0.  0.  0.  0.  0.  0.  0.  0.
  0.  0.  0.  0.  0.  0.  0.  0.  0.  0.  0.  0.  0.  0.  0.  0.  0.  0.
 40.  0.  0. 53.  0.  0.  0.  0.  0.  0. 34.  0.  0.  0.  0.  0. 39. 60.
 14. 44. 56. 58. 59.  0.  0.  0. 33.  0.  8. 35. 12.  0. 13.  0. 10. 52.
  0.  0.  0.  0.  0.  0. 25. 24.  7. 23. 11. 22.  9.  0. 57. 50.  0.  0.
  0.  0.  0.  0. 31. 42.  3.  6.  5. 45. 37. 48. 47. 54.  0.  0.  0.  0.
 29. 30. 15. 27.  1. 28. 17. 51. 38.  0.  0. 55.  0.  0. 21. 20. 16. 18.
  2. 19.  4. 46. 26. 49.  0.  0.  0.  0. 32. 43.  0.  0.  0.  0.  0. 36.
  0.  0.  0.  0.  0.  0.  0.  0.  0.  0.  0.  0.  0.  0. 41.  0.  0.  0.
  0.  0.  0.  0.  0.  0.  0.  0.  0.  0.  0.  0.  0.  0.  0.  0.  0.  0.
  0.  0.  0.  0.  0.  0.  0.  0.  0.  0.  0.  0.  0.  0.  0.  0.  0.  0.
  0.  0.  0.  0.  0.  0.  0.  0.  0.  0.  0.  0.  0.  0.  0.  0.  0.  0.
  0.  0.  0.  0.  0.  0.  0.  0.  0.]