[ 0.  0.  0.  0.  0.  0.  0.  0.  0.  0.  0.  0.  0.  0.  0.  0.  0.  0.
  0.  0.  0.  0.  0.  0.  0.  0.  0.  0.  0.  0.  0.  0.  0.  0.  0.  0.
  0.  0.  0.  0.  0.  0.  0.  0.  0.  0.  0.  0.  0.  0.  0.  0.  0.  0.
  0.  0.  0.  0.  0.  0.  0.  0.  0.  0.  0.  0.  0.  0.  0.  0.  0.  0.
  0.  0.  0.  0.  0.  0.  0.  0.  0.  0.  0.  0.  0.  0.  0.  0.  0.  0.
  0.  0.  0.  0.  0.  0.  5.  0.  0.  0.  0.  0.  0.  0.  0.  0.  0.  0.
  0.  0.  6. 10.  1. 14.  0.  0.  0.  0.  0.  0.  0.  0.  0.  0.  0. 11.
  2.  8.  3.  0.  0.  0.  0.  0.  0.  0.  0.  0.  0.  0.  0.  9.  4.  7.
 15.  0.  0.  0.  0.  0.  0.  0.  0.  0.  0.  0. 12.  0. 13. 18. 19.  0.
  0.  0.  0.  0.  0.  0.  0.  0.  0.  0.  0. 17. 16.  0.  0.  0.  0.  0.
  0.  0.  0.  0.  0.  0.  0.  0.  0.  0.  0.  0.  0.  0.  0.  0.  0.  0.
  0.  0.  0.  0.  0.  0.  0.  0.  0.  0.  0.  0.  0.  0.  0.  0.  0.  0.
  0.  0.  0.  0.  0.  0.  0.  0.  0.]