[ 0.  0.  0.  0.  0.  0.  0.  0.  0. 48.  0.  0.  0.  0.  0.  0.  0.  0.
  0.  0.  0.  0.  0. 46.  0.  0.  0.  0.  0.  0.  0.  0.  0.  0.  0.  0.
 43. 28.  0. 30.  0.  0.  0.  0.  0.  0.  0.  0.  0.  0.  0. 42.  0. 27.
 29. 18.  0. 12.  0.  0.  0.  0.  0.  0. 45. 44. 40.  6. 34. 19. 17. 11.
 20.  0.  0.  0.  0.  0.  0. 47.  0. 24. 23.  3. 21.  9. 22.  0.  0.  0.
  0.  0.  0.  0.  0.  0.  2.  0.  4.  5. 15. 25. 31. 32.  0.  0.  0.  0.
  0.  0.  0. 41.  0.  1.  8.  7. 33. 26.  0.  0.  0.  0.  0.  0.  0.  0.
  0. 10.  0.  0. 16. 13. 35.  0.  0.  0.  0.  0.  0.  0.  0.  0.  0.  0.
  0. 39. 37. 14. 36.  0.  0.  0.  0.  0.  0.  0.  0.  0.  0.  0.  0. 38.
  0.  0.  0.  0.  0.  0.  0.  0.  0.  0.  0.  0.  0.  0.  0.  0.  0.  0.
  0.  0.  0.  0.  0.  0.  0.  0.  0.  0.  0.  0.  0.  0.  0.  0.  0.  0.
  0.  0.  0.  0.  0.  0.  0.  0.  0.  0.  0.  0.  0.  0.  0.  0.  0.  0.
  0.  0.  0.  0.  0.  0.  0.  0.  0.]