[ 0.  0.  0.  0.  0.  0.  0.  0.  0.  0.  0.  0.  0.  0.  0.  0.  0.  0.
  0.  0.  0.  0.  0.  0.  0.  0.  0.  0.  0.  0.  0.  0.  0.  0.  0.  0.
  0.  0.  0.  0.  0.  0.  0.  0.  0.  0.  0.  0.  0.  0.  0.  0.  0.  0.
  0.  0.  0.  0.  0.  0.  0.  0.  0.  0.  0.  0.  0.  0.  0.  0.  0.  0.
  0.  0.  0.  0.  0.  0.  0.  0.  0.  0.  0.  0.  0.  0.  0.  0.  0.  0.
  0.  0.  0. 15.  0.  0.  0.  0.  0.  0. 11.  0.  0.  0.  0.  0.  0.  0.
  0. 10.  9.  7.  1.  5.  8.  0.  0.  0.  0.  0.  0.  0.  0.  0.  0. 14.
  0.  3.  2. 25.  0.  0.  0.  0.  0.  0.  0.  0.  0.  0. 21.  6.  4. 20.
 22. 23.  0.  0.  0.  0.  0.  0.  0.  0.  0.  0. 12. 16.  0.  0.  0.  0.
  0.  0.  0.  0.  0.  0.  0.  0. 13. 18.  0. 17.  0.  0.  0.  0.  0.  0.
  0.  0.  0.  0.  0. 24. 19.  0.  0.  0.  0.  0.  0.  0.  0.  0.  0.  0.
  0. 26.  0.  0.  0.  0.  0.  0.  0.  0.  0.  0.  0.  0.  0.  0.  0.  0.
  0.  0.  0.  0.  0.  0.  0.  0.  0.]