[ 0.  0.  0.  0.  0.  0.  0.  0.  0.  0.  0.  0.  0.  0.  0.  0.  0.  0.
  0.  0.  0.  0.  0.  0.  0.  0.  0.  0.  0.  0.  0.  0.  0.  0.  0.  0.
  0.  0.  0. 19.  0.  0.  0.  0.  0.  0.  0.  0.  0.  0.  0.  0.  0.  0.
 18. 15.  0.  0.  0.  0.  0.  0.  0.  0.  0.  0.  0.  0.  0. 14.  0.  0.
 22.  0.  0.  0.  0.  0.  0.  0.  0.  0.  0. 12. 16.  0. 21.  0.  0.  0.
  0.  0.  0.  0.  0.  9.  8.  2.  6. 10. 11.  0.  0.  0.  0.  0.  0.  0.
  0.  0.  0.  4.  1.  3. 17.  0.  0.  0.  0.  0.  0.  0.  0.  0.  0. 13.
  5. 20.  7.  0.  0.  0.  0.  0.  0.  0.  0.  0.  0.  0.  0.  0. 23.  0.
  0.  0.  0.  0.  0.  0.  0.  0.  0.  0.  0.  0.  0.  0.  0.  0.  0.  0.
  0.  0.  0.  0.  0.  0.  0.  0.  0.  0.  0.  0.  0.  0.  0.  0.  0.  0.
  0.  0.  0.  0.  0.  0.  0.  0.  0.  0.  0.  0.  0.  0.  0.  0.  0.  0.
  0.  0.  0.  0.  0.  0.  0.  0.  0.  0.  0.  0.  0.  0.  0.  0.  0.  0.
  0.  0.  0.  0.  0.  0.  0.  0.  0.]