[ 0.  0.  0.  0.  0.  0.  0.  0.  0.  0.  0.  0.  0.  0.  0.  0.  0.  0.
  0.  0.  0.  0.  0.  0.  0.  0.  0.  0.  0.  0.  0.  0.  0.  0.  0.  0.
  0.  0.  0.  0.  0.  0.  0.  0.  0.  0.  0.  0.  0.  0.  0. 10.  0.  0.
  0.  0.  0.  0.  0.  0.  0.  0.  0.  0.  0.  0.  9.  0.  0.  0.  0.  0.
  0.  0.  0.  0.  0.  0.  0.  0.  0.  7.  0. 13.  0. 27. 31.  0.  0.  0.
  0.  0.  0.  0.  0. 11.  3.  2. 12. 26. 28. 29.  0.  0.  0.  0.  0.  0.
  0.  0.  0.  5.  1.  6. 30.  0.  0.  0.  0.  0.  0.  0.  0.  0. 19. 18.
  8. 16.  4. 17.  0.  0.  0.  0.  0.  0.  0.  0.  0. 25. 24. 20. 22. 14.
 23.  0.  0.  0.  0.  0.  0.  0.  0.  0.  0. 21. 32.  0. 15.  0.  0.  0.
  0.  0.  0.  0.  0.  0.  0.  0.  0.  0.  0.  0.  0.  0.  0.  0.  0.  0.
  0.  0.  0.  0.  0.  0.  0.  0.  0.  0.  0.  0.  0.  0.  0.  0.  0.  0.
  0.  0.  0.  0.  0.  0.  0.  0.  0.  0.  0.  0.  0.  0.  0.  0.  0.  0.
  0.  0.  0.  0.  0.  0.  0.  0.  0.]