[ 0.  0.  0.  0.  0.  0.  0.  0.  0.  0.  0.  0.  0.  0.  0.  0.  0.  0.
  0.  0.  0.  0.  0.  0.  0.  0.  0.  0.  0.  0.  0.  0.  0.  0.  0.  0.
  0.  0.  0.  0.  0.  0.  0.  0.  0.  0.  0.  0.  0.  0.  0.  0.  0.  0.
  0.  0.  0.  0.  0.  0.  0.  0.  0.  0. 14.  0. 24.  0.  8.  0.  0.  0.
  0.  0.  0.  0.  0.  0.  0. 26. 13. 23. 25.  7. 16.  0.  0.  0.  0.  0.
  0.  0.  0.  0.  0.  0. 11.  2.  5.  6.  0.  0.  0.  0.  0.  0.  0.  0.
  0.  0.  0. 21.  1.  3.  4.  0.  0.  0.  0.  0.  0.  0.  0.  0.  0. 20.
 17. 19.  9. 15. 18.  0.  0.  0.  0.  0.  0.  0.  0.  0. 29. 22. 28. 10.
 12. 30.  0.  0.  0.  0.  0.  0.  0.  0.  0.  0.  0. 27.  0.  0.  0.  0.
  0.  0.  0.  0.  0.  0.  0.  0.  0.  0.  0.  0.  0.  0.  0.  0.  0.  0.
  0.  0.  0.  0.  0.  0.  0.  0.  0.  0.  0.  0.  0.  0.  0.  0.  0.  0.
  0.  0.  0.  0.  0.  0.  0.  0.  0.  0.  0.  0.  0.  0.  0.  0.  0.  0.
  0.  0.  0.  0.  0.  0.  0.  0.  0.]