[ 0.  0.  0.  0. 39.  0.  0.  0.  0.  0.  0.  0.  0.  0.  0.  0. 52.  0.
  0. 38.  0.  0.  0.  0.  0. 44.  0.  0.  0.  0.  0.  0. 50. 35. 34. 22.
 32. 18. 33. 43.  0.  0.  0.  0.  0.  0.  0. 49. 48. 26. 25. 21. 17. 23.
 24.  0.  0.  0.  0.  0.  0.  0.  0. 47. 36.  0. 40.  5.  2. 14.  9.  0.
  0.  0.  0.  0.  0.  0.  0. 37. 42. 41.  1.  3.  4.  0.  0.  0.  0.  0.
  0.  0.  0.  0.  0. 28. 51.  7.  6. 19.  0.  0.  0.  0.  0.  0.  0. 46.
 45. 31. 27. 13.  8.  0.  0. 20.  0.  0.  0.  0.  0.  0.  0.  0.  0. 15.
 10.  0. 12.  0.  0.  0.  0.  0.  0.  0.  0.  0.  0. 16. 11.  0.  0.  0.
  0.  0.  0.  0.  0.  0.  0.  0.  0.  0.  0. 29.  0.  0.  0.  0.  0.  0.
  0.  0.  0.  0.  0.  0.  0.  0. 30.  0.  0.  0.  0.  0.  0.  0.  0.  0.
  0.  0.  0.  0.  0.  0.  0.  0.  0.  0.  0.  0.  0.  0.  0.  0.  0.  0.
  0.  0.  0.  0.  0.  0.  0.  0.  0.  0.  0.  0.  0.  0.  0.  0.  0.  0.
  0.  0.  0.  0.  0.  0.  0.  0.  0.]