[ 0.  0.  0.  0.  0.  0.  0.  0.  0.  0.  0.  0.  0.  0.  0.  0.  0.  0.
  0.  0.  0.  0.  0.  0.  0.  0.  0.  0.  0.  0.  0.  0.  0.  0.  0.  0.
  0.  0.  0.  0.  0.  0.  0.  0.  0.  0.  0.  0.  0.  0.  0.  0.  0.  0.
  0.  0.  0.  0.  0.  0.  0.  0.  0.  0.  0.  0. 29.  0.  0. 25.  0.  0.
  0.  0.  0.  0.  0.  0.  0.  0.  0.  0. 26. 22. 24. 27.  0.  0.  0.  0.
  0.  0.  0.  0.  0.  0.  3. 13.  6. 20.  0.  0.  0.  0.  0.  0.  0.  0.
  0.  0.  0.  1.  2. 10. 18. 14. 19.  0.  0.  0.  0.  0.  0.  0.  0. 16.
  4.  5. 11. 12. 28. 23.  0.  0.  0.  0.  0.  0.  0.  0.  7.  9. 17.  8.
 21.  0. 30.  0.  0.  0.  0.  0.  0.  0.  0.  0.  0. 15.  0.  0.  0.  0.
  0.  0.  0.  0.  0.  0.  0.  0.  0.  0.  0.  0.  0.  0.  0.  0.  0.  0.
  0.  0.  0.  0.  0.  0.  0.  0.  0.  0.  0.  0.  0.  0.  0.  0.  0.  0.
  0.  0.  0.  0.  0.  0.  0.  0.  0.  0.  0.  0.  0.  0.  0.  0.  0.  0.
  0.  0.  0.  0.  0.  0.  0.  0.  0.]