[ 0.  0.  0.  0.  0.  0.  0.  0.  0.  0.  0.  0.  0.  0.  0.  0.  0.  0.
  0.  0.  0.  0.  0.  0.  0.  0.  0.  0.  0.  0.  0.  0.  0.  0.  0.  0.
  0.  0.  0.  0.  0.  0.  0.  0.  0.  0.  0.  0.  0.  0.  0.  0.  0.  0.
  0.  0.  0.  0.  0.  0.  0.  0.  0.  0.  0.  0.  0.  0.  0.  0.  0.  0.
  0.  0.  0.  0.  0.  0.  0.  0. 16.  0. 12.  0.  0.  0. 29.  0.  0.  0.
  0.  0.  0.  0.  0.  0. 15. 11. 18. 24. 27.  0.  0.  0.  0.  0.  0.  0.
  0.  0.  0.  2.  1. 10. 23.  0.  0.  0.  0.  0.  0.  0.  0.  0.  0.  0.
  4.  3. 17. 19. 20.  0.  0.  0.  0.  0.  0.  0.  0.  0.  8.  7.  5.  0.
 21.  0.  0.  0.  0.  0.  0.  0.  0.  0.  0.  9. 28.  6.  0. 25. 22.  0.
  0.  0.  0.  0.  0.  0.  0. 13.  0.  0.  0.  0. 26.  0.  0.  0.  0.  0.
  0.  0.  0. 14.  0.  0.  0.  0.  0.  0.  0.  0.  0.  0.  0.  0.  0.  0.
  0.  0.  0.  0.  0.  0.  0.  0.  0.  0.  0.  0.  0.  0.  0.  0.  0.  0.
  0.  0.  0.  0.  0.  0.  0.  0.  0.]