[ 0.  0.  0.  0.  0.  0. 95.  0.  0.  0.  0.  0.  0.  0.  0.  0.  0.  0.
  0.  0.  0. 94.  0.  0.  0.  0. 92.  0.  0.  0.  0.  0.  0.  0.  0.  0.
 88.  0.  0.  0. 91.  0.  0.  0.  0.  0.  0.  0.  0. 85.  0. 90. 87. 97.
 89. 93. 99.  0.  0.  0.  0. 78. 71. 77. 67. 79. 58.  0. 73.  0.  0.  0.
  0.  0.  0.  0. 63. 70. 66. 86. 64.  7. 57.  0. 24.  0.  0. 81.  0.  0.
  0.  0. 62.  0. 65.  0. 12.  4. 23.  0. 72. 83. 80.  0.  0. 53. 52. 44.
 48. 30. 49. 38.  1.  2. 55.  0. 18. 54. 98.  0.  0. 96. 68. 43. 28. 27.
 25.  3.  5.  6. 17. 59. 74.  0.  0.  0.  0. 69. 84. 41. 26. 29. 22. 10.
 11.  8. 56. 82. 75.  0.  0.  0.  0.  0. 40. 39. 37. 21. 15. 16. 13.  9.
 61. 76.  0.  0.  0.  0.  0. 36. 35. 33. 19. 31. 34.  0. 14.  0.  0.  0.
  0.  0.  0.  0.  0.  0. 20. 42. 45. 32. 60.  0.  0.  0.  0.  0.  0.  0.
  0.  0.  0.  0. 51. 50. 46.  0.  0.  0.  0.  0.  0.  0.  0.  0.  0.  0.
  0.  0.  0. 47.  0.  0.  0.  0.  0.]