[ 0.  0.  0.  0.  0.  0.  0.  0.  0.  0.  0.  0.  0.  0.  0.  0.  0.  0.
  0.  0.  0.  0.  0.  0.  0.  0.  0.  0.  0.  0.  0.  0.  0.  0.  0.  0.
  0.  0.  0.  0.  0.  0.  0.  0.  0.  0.  0.  0.  0.  0.  0.  0.  0.  0.
  0.  0.  0.  0.  0.  0.  0.  0.  0.  0.  4.  0. 10. 16.  0.  0.  0.  0.
  0.  0.  0.  0.  0.  0.  0.  0.  0.  9. 15.  0.  2.  0.  0.  0.  0.  0.
  0.  0.  0.  0. 20. 19.  3. 11. 17. 18.  0.  0.  0.  0.  0.  0.  0.  0.
 24. 23. 21.  7.  1. 25.  0.  0.  0.  0.  0.  0.  0.  0.  0.  0. 22. 12.
  5. 13.  0.  0.  0.  0.  0.  0.  0.  0.  0.  0.  0.  0.  0.  8. 14.  0.
  0.  0.  0.  0.  0.  0.  0.  0.  0.  0.  6.  0.  0.  0.  0.  0.  0.  0.
  0.  0.  0.  0.  0.  0.  0.  0.  0.  0.  0.  0.  0.  0.  0.  0.  0.  0.
  0.  0.  0.  0.  0.  0.  0.  0.  0.  0.  0.  0.  0.  0.  0.  0.  0.  0.
  0.  0.  0.  0.  0.  0.  0.  0.  0.  0.  0.  0.  0.  0.  0.  0.  0.  0.
  0.  0.  0.  0.  0.  0.  0.  0.  0.]