[ 0.  0.  0.  0.  0.  0.  0.  0.  0.  0.  0.  0.  0.  0.  0.  0.  0.  0.
  0.  0.  0.  0.  0.  0.  0.  0.  0.  0.  0.  0.  0.  0.  0.  0.  0.  0.
  0.  0.  0.  0.  0.  0.  0.  0.  0.  0.  0.  0.  0.  0.  0.  0.  0.  0.
  0.  0.  0.  0.  0.  0.  0.  0.  0.  0.  0.  0.  0.  0.  0.  0.  0.  0.
  0.  0.  0.  0.  0.  0.  0.  0.  0.  0.  0.  0.  6.  0.  0.  0.  0.  0.
  0.  0.  0.  0.  0.  0.  2.  0.  3.  0.  0.  0.  0.  0.  0.  0.  0.  0.
  0.  0.  0. 10.  1.  0.  0.  0.  0.  0.  0.  0.  0.  0. 20. 19. 15. 17.
  5. 18.  4.  0.  0.  0.  0.  0.  0.  0.  0.  0. 14. 13.  7. 11.  9. 12.
  0.  0.  0.  0.  0.  0.  0.  0.  0.  0.  8. 21. 16.  0.  0.  0.  0.  0.
  0.  0.  0.  0.  0.  0.  0.  0. 22. 23.  0.  0.  0.  0.  0.  0.  0.  0.
  0.  0.  0.  0.  0.  0. 24.  0.  0.  0.  0.  0.  0.  0.  0.  0.  0.  0.
  0.  0.  0.  0.  0.  0.  0.  0.  0.  0.  0.  0.  0.  0.  0.  0.  0.  0.
  0.  0.  0.  0.  0.  0.  0.  0.  0.]