[ 0.  0.  0.  0.  0.  0.  0.  0.  0.  0.  0.  0.  0.  0.  0.  0.  0.  0.
  0.  0.  0.  0.  0.  0.  0.  0.  0.  0.  0.  0.  0.  0.  0.  0.  0.  0.
 17.  0.  0.  0.  0.  0.  0.  0.  0.  0.  0.  0. 15.  0. 12. 27.  0.  0.
  0.  0.  0.  0.  0.  0.  0.  0.  0. 26. 14. 13. 11.  0.  0. 19.  0.  0.
  0.  0.  0.  0.  0.  0. 16. 22.  4.  1.  3.  8.  9.  0.  0.  0.  0.  0.
  0.  0.  0. 25. 20. 24.  2.  6.  7.  0.  0.  0.  0.  0.  0.  0.  0.  0.
  0. 23. 21. 18.  5.  0.  0.  0.  0.  0.  0.  0.  0.  0.  0.  0.  0.  0.
 10. 28.  0.  0.  0.  0.  0.  0.  0.  0.  0.  0.  0.  0.  0.  0.  0.  0.
  0.  0.  0.  0.  0.  0.  0.  0.  0.  0.  0.  0.  0.  0.  0.  0.  0.  0.
  0.  0.  0.  0.  0.  0.  0.  0.  0.  0.  0.  0.  0.  0.  0.  0.  0.  0.
  0.  0.  0.  0.  0.  0.  0.  0.  0.  0.  0.  0.  0.  0.  0.  0.  0.  0.
  0.  0.  0.  0.  0.  0.  0.  0.  0.  0.  0.  0.  0.  0.  0.  0.  0.  0.
  0.  0.  0.  0.  0.  0.  0.  0.  0.]