[ 0.  0.  0.  0.  0.  0.  0.  0.  0.  0.  0.  0.  0.  0.  0.  0.  0.  0.
  0.  0.  0.  0.  0.  0.  0.  0.  0.  0.  0.  0.  0.  0.  0.  0.  0.  0.
  0.  0.  0.  0.  0.  0.  0.  0.  0.  0.  0.  0. 16.  0.  0.  0.  0.  0.
  0.  0.  0.  0.  0.  0.  0.  0.  0.  0. 15.  0.  0.  0.  0.  0.  0.  9.
  0.  0.  0.  0.  0.  0.  0.  0. 13.  0.  0. 10.  0.  8.  0.  0.  0.  0.
  0.  0.  0.  0.  0.  0.  5.  3. 17.  6.  0.  0.  0.  0.  0.  0.  0.  0.
  0.  0.  0. 11.  1.  2.  0.  0.  0.  0.  0.  0.  0.  0.  0.  0.  0. 19.
 12.  4. 14. 18. 20.  0.  0.  0.  0.  0.  0.  0.  0.  0.  0.  7.  0.  0.
  0.  0.  0.  0.  0.  0.  0.  0.  0.  0.  0.  0.  0.  0.  0.  0.  0.  0.
  0.  0.  0.  0.  0.  0.  0.  0.  0.  0.  0.  0.  0.  0.  0.  0.  0.  0.
  0.  0.  0.  0.  0.  0.  0.  0.  0.  0.  0.  0.  0.  0.  0.  0.  0.  0.
  0.  0.  0.  0.  0.  0.  0.  0.  0.  0.  0.  0.  0.  0.  0.  0.  0.  0.
  0.  0.  0.  0.  0.  0.  0.  0.  0.]