[ 0.  0.  0.  0.  0.  0.  0.  0.  0.  0.  0.  0.  0.  0.  0.  0.  0.  0.
  0.  0.  0.  0.  0.  0.  0.  0.  0.  0.  0.  0.  0.  0.  0.  0.  0.  0.
  0.  0.  0.  0.  0.  0.  0.  0.  0.  0.  0.  0.  0.  0.  0.  0.  0.  0.
  0.  0.  0.  0.  0.  0.  0.  0.  0.  0.  0.  0.  0.  0.  0.  0.  0.  0.
  0.  0.  0.  0.  0.  0.  0.  0.  0.  0.  5.  8.  0. 10.  0.  0.  0.  0.
  0.  0.  0.  0. 19. 18. 12.  6.  2.  7. 27.  0.  0.  0.  0.  0.  0.  0.
  0. 22. 21. 15.  1.  3.  4. 26.  0.  0.  0.  0.  0.  0.  0.  0.  0. 28.
 16.  9. 11. 23. 24.  0.  0.  0.  0.  0.  0.  0.  0.  0.  0. 13. 20. 17.
  0.  0.  0.  0.  0.  0.  0.  0.  0.  0. 32. 14.  0. 25. 39. 35.  0.  0.
  0.  0.  0.  0.  0.  0.  0. 34. 31. 29. 33. 37. 38. 36.  0.  0.  0.  0.
  0.  0.  0.  0.  0. 30.  0.  0.  0.  0.  0.  0.  0.  0.  0.  0.  0.  0.
  0.  0.  0.  0.  0.  0.  0.  0.  0.  0.  0.  0.  0.  0.  0.  0.  0.  0.
  0.  0.  0.  0.  0.  0.  0.  0.  0.]