[ 0.  0.  0.  0.  0.  0.  0.  0.  0.  0.  0.  0.  0.  0.  0.  0.  0.  0.
  0.  0.  0.  0.  0.  0.  0.  0.  0.  0.  0.  0.  0.  0.  0.  0.  0.  0.
  0.  0.  0.  0.  0.  0.  0.  0.  0.  0.  0.  0.  0.  0.  0.  0.  0.  0.
  0.  0.  0.  0.  0.  0.  0.  0.  0.  0.  0.  0.  0. 24.  0.  0.  0.  0.
  0.  0.  0.  0.  0.  0.  0.  0.  0. 27. 21.  0.  0.  0.  9.  0.  0.  0.
  0.  0.  0.  0.  0.  0.  0. 17. 16. 12.  8. 18. 19.  0.  0.  0.  0.  0.
  0.  0.  0.  0.  1.  5.  6.  0.  0.  0.  0.  0.  0.  0.  0.  0.  0.  0.
  0.  3.  2. 15. 20.  0.  0.  0.  0.  0.  0.  0.  0.  0.  0. 11.  4.  0.
 10. 25. 22.  0.  0.  0.  0.  0.  0.  0.  0. 13.  7.  0.  0.  0.  0. 26.
 23.  0.  0.  0.  0.  0.  0. 14.  0.  0.  0.  0.  0.  0.  0.  0.  0.  0.
  0.  0.  0.  0.  0.  0.  0.  0.  0.  0.  0.  0.  0.  0.  0.  0.  0.  0.
  0.  0.  0.  0.  0.  0.  0.  0.  0.  0.  0.  0.  0.  0.  0.  0.  0.  0.
  0.  0.  0.  0.  0.  0.  0.  0.  0.]