[ 0.  0.  0.  0.  0.  0.  0.  0.  0.  0.  0.  0.  0.  0.  0.  0.  0.  0.
  0.  0.  0.  0.  0.  0.  0.  0.  0.  0.  0.  0.  0.  0.  0.  0.  0.  0.
  0.  0.  0.  0.  0.  0.  0.  0.  0.  0.  0.  0.  0.  0. 24.  0.  0. 22.
  0.  0.  0.  0.  0.  0.  0.  0.  0.  0.  0.  0. 23.  0. 21.  0. 10.  0.
  0.  0.  0.  0.  0.  0.  0.  0.  0. 18. 11. 17.  9. 19. 20.  0.  0.  0.
  0.  0.  0.  0.  0.  0.  0. 12.  5.  0.  0.  0.  0.  0.  0.  0.  0.  0.
  0.  0.  0. 14.  1. 13.  3. 15. 16.  0.  0.  0.  0.  0.  0.  0.  0.  0.
  7.  0.  2.  0. 25.  0.  0.  0.  0.  0.  0.  0.  0.  0.  8.  0.  6.  0.
  4.  0.  0.  0.  0.  0.  0.  0.  0.  0.  0.  0.  0.  0.  0.  0.  0.  0.
  0.  0.  0.  0.  0.  0.  0.  0.  0.  0.  0.  0.  0.  0.  0.  0.  0.  0.
  0.  0.  0.  0.  0.  0.  0.  0.  0.  0.  0.  0.  0.  0.  0.  0.  0.  0.
  0.  0.  0.  0.  0.  0.  0.  0.  0.  0.  0.  0.  0.  0.  0.  0.  0.  0.
  0.  0.  0.  0.  0.  0.  0.  0.  0.]