[ 0.  0.  0.  0.  0.  0.  0.  0.  0.  0.  0.  0.  0.  0.  0.  0.  0.  0.
  0.  0.  0.  0.  0.  0.  0.  0.  0.  0.  0.  0.  0.  0.  0.  0.  0.  0.
  0.  0.  0.  0.  0.  0.  0.  0.  0.  0.  0.  0.  0.  0.  0.  0. 25.  0.
  0.  0.  0.  0.  0.  0.  0.  0.  0.  0.  0.  0.  0.  0. 24.  0.  0.  0.
  0.  0.  0.  0.  0.  0.  0.  0.  4.  0.  5.  7.  8. 16.  0.  0.  0. 45.
  0.  0.  0.  0.  0.  0.  1.  0.  2. 13. 14. 27. 31. 44.  0.  0.  0.  0.
  0.  0.  6.  0.  3.  9. 10. 19. 22. 36.  0.  0.  0.  0.  0.  0.  0.  0.
  0. 15. 50. 11. 12. 26. 23.  0.  0.  0.  0.  0.  0.  0.  0. 17. 47. 46.
 30. 34. 20. 35.  0.  0.  0.  0.  0.  0.  0. 18.  0.  0. 32. 43.  0. 28.
 21.  0.  0.  0.  0.  0.  0.  0.  0.  0. 33. 42. 41. 39. 29. 37. 40.  0.
  0.  0.  0.  0.  0.  0.  0.  0. 48.  0.  0.  0. 38.  0.  0.  0.  0.  0.
  0.  0.  0.  0.  0. 49.  0.  0.  0.  0.  0.  0.  0.  0.  0.  0.  0.  0.
  0.  0.  0.  0.  0.  0.  0.  0.  0.]