[ 0.  0.  0.  0.  0.  0.  0.  0.  0.  0.  0.  0.  0.  0.  0.  0.  0.  0.
  0.  0.  0.  0.  0.  0.  0.  0.  0.  0.  0.  0.  0.  0.  0.  0.  0.  0.
 39. 33. 40. 31.  0.  0.  0.  0.  0.  0.  0.  0.  0.  0.  0.  0. 38. 30.
  0.  0.  0.  0.  0.  0.  0.  0.  0.  0.  0. 25. 22. 16. 18. 26. 27.  0.
  0.  0.  0.  0.  0.  0.  0.  0.  4. 28. 15.  0. 36. 32.  0.  0.  0.  0.
  0.  0.  0.  0.  0. 10.  3.  9.  7. 11. 12. 34.  0.  0.  0.  0.  0.  0.
  0. 29. 17.  2.  1. 43. 21. 41. 37. 35. 42.  0.  0.  0.  0.  0. 19.  0.
  8. 13.  5.  0. 23.  0.  0.  0.  0.  0.  0.  0. 20.  0.  0.  0. 14.  0.
  6.  0. 24.  0.  0.  0.  0.  0.  0.  0.  0.  0.  0.  0.  0.  0.  0.  0.
  0.  0.  0.  0.  0.  0.  0.  0.  0.  0.  0.  0.  0.  0.  0.  0.  0.  0.
  0.  0.  0.  0.  0.  0.  0.  0.  0.  0.  0.  0.  0.  0.  0.  0.  0.  0.
  0.  0.  0.  0.  0.  0.  0.  0.  0.  0.  0.  0.  0.  0.  0.  0.  0.  0.
  0.  0.  0.  0.  0.  0.  0.  0.  0.]