[ 0.  0.  0.  0.  0.  0.  0.  0.  0.  0.  0.  0.  0.  0.  0.  0.  0.  0.
  0.  0.  0.  0.  0.  0.  0.  0.  0.  0.  0.  0.  0.  0.  0.  0.  0. 57.
  0.  0.  0.  0.  0.  0.  0.  0.  0.  0.  0.  0.  0. 64. 56. 51.  0. 49.
  0.  0.  0.  0.  0.  0.  0.  0.  0. 61.  0. 54. 59. 48. 58.  0.  0.  0.
  0.  0.  0.  0.  0. 63. 62. 60. 52. 10. 53. 50.  0.  0.  0.  0.  0.  0.
  0.  0.  0.  0.  0. 46. 69.  7.  4. 20.  0.  0.  0.  0.  0.  0.  0.  0.
  0. 40. 55.  6.  1.  5. 19. 14.  0. 26.  0.  0.  0.  0. 66. 47. 65. 39.
  3.  8.  2.  9.  0. 25.  0.  0.  0.  0.  0.  0. 67. 33.  0. 37. 16. 13.
 15. 11. 17. 18.  0.  0.  0.  0. 68.  0.  0. 32. 31. 27. 29. 21. 30. 12.
  0.  0.  0.  0.  0.  0.  0.  0.  0. 28. 36. 23. 22. 41.  0.  0.  0.  0.
  0.  0.  0.  0.  0. 45. 44. 24. 42. 38. 43.  0.  0.  0.  0.  0.  0.  0.
  0.  0.  0.  0.  0. 34.  0.  0.  0.  0.  0.  0.  0.  0.  0.  0.  0.  0.
  0.  0.  0. 35.  0.  0.  0.  0.  0.]