[ 0.  0.  0.  0.  0.  0.  0.  0.  0.  0.  0.  0.  0.  0.  0.  0.  0.  0.
  0.  0.  0.  0.  0.  0.  0.  0.  0.  0.  0.  0.  0.  0.  0.  0.  0.  0.
  0.  0.  0.  0.  0.  0.  0.  0.  0.  0.  0.  0.  0.  0.  0.  0.  0.  0.
  0.  0.  0.  0.  0.  0.  0.  0.  0.  0. 14.  0.  0.  0.  0.  0.  0.  0.
  0.  0.  0.  0.  0.  0.  0.  0. 13. 17.  0.  0.  0.  0.  0.  0.  0.  0.
  0.  0.  0.  0.  0. 16. 11.  4.  6. 29.  0. 25.  0. 35.  0.  0.  0.  0.
  0.  0. 15. 22.  1.  2. 28. 24. 33. 32.  0.  0.  0.  0.  0.  0. 10.  9.
  5.  3.  7.  8.  0. 34.  0.  0.  0.  0.  0.  0.  0.  0.  0. 21.  0. 20.
 12. 18. 23.  0.  0.  0.  0.  0.  0.  0.  0.  0.  0. 26.  0. 30.  0. 19.
  0.  0.  0.  0.  0.  0.  0.  0.  0. 27.  0. 36. 31.  0.  0.  0.  0.  0.
  0.  0.  0.  0.  0.  0.  0.  0.  0.  0.  0.  0.  0.  0.  0.  0.  0.  0.
  0.  0.  0.  0.  0.  0.  0.  0.  0.  0.  0.  0.  0.  0.  0.  0.  0.  0.
  0.  0.  0.  0.  0.  0.  0.  0.  0.]