[ 0.  0.  0.  0.  0.  0.  0.  0.  0.  0.  0.  0.  0.  0.  0.  0.  0.  0.
  0.  0.  0.  0.  0.  0. 34.  0.  0.  0.  0.  0.  0.  0.  0.  0.  0.  0.
 24.  0.  0. 33.  0.  0.  0.  0.  0.  0.  0.  0.  0.  0.  0. 23. 27. 12.
 31. 32.  0.  0.  0.  0.  0.  0.  0.  0. 40. 22. 21. 11. 26. 25.  0. 37.
  0.  0.  0.  0.  0.  0.  0. 39. 38.  9. 28. 13.  0. 36.  0.  0.  0.  0.
  0.  0.  0. 18. 35.  5. 30.  1.  0. 16.  0.  0.  0.  0.  0.  0.  0.  0.
  0.  7.  6.  2.  8. 14. 15.  0.  0.  0.  0.  0.  0.  0.  0. 10. 29.  3.
  0.  4.  0.  0.  0.  0.  0.  0.  0.  0.  0.  0.  0. 41.  0. 17.  0.  0.
  0.  0.  0.  0.  0.  0.  0.  0.  0.  0.  0.  0.  0. 19.  0.  0.  0.  0.
  0.  0.  0.  0.  0.  0.  0.  0.  0.  0.  0. 20.  0.  0.  0.  0.  0.  0.
  0.  0.  0.  0.  0.  0.  0.  0.  0.  0.  0.  0.  0.  0.  0.  0.  0.  0.
  0.  0.  0.  0.  0.  0.  0.  0.  0.  0.  0.  0.  0.  0.  0.  0.  0.  0.
  0.  0.  0.  0.  0.  0.  0.  0.  0.]