[ 0.  0.  0.  0.  0.  0.  0.  0.  0.  0.  0.  0.  0.  0.  0.  0.  0.  0.
  0.  0.  0.  0.  0.  0.  0.  0.  0.  0.  0.  0.  0.  0.  0.  0.  0.  0.
  0.  0.  0.  0.  0.  0.  0.  0.  0.  0.  0.  0.  0.  0.  0.  0.  0.  0.
  0.  0.  0.  0.  0.  0.  0.  0.  0.  0.  0.  0.  0.  0.  0.  0.  0.  0.
  0.  0.  0.  0.  0.  0. 12. 22. 29.  0.  0.  0.  0.  0.  0.  0.  0.  0.
  0.  0.  0.  0. 11. 19.  8. 16.  4. 20. 21.  0.  0.  0.  0.  0.  0.  0.
  0. 10.  9.  7.  1.  5.  6.  0.  0.  0.  0.  0.  0.  0.  0.  0.  0. 27.
  3. 15.  2.  0.  0.  0.  0.  0.  0.  0.  0.  0.  0.  0. 25. 26. 13. 23.
  0.  0.  0.  0.  0.  0.  0.  0.  0.  0.  0. 28.  0. 17. 14. 24.  0.  0.
  0.  0.  0.  0.  0.  0.  0.  0.  0.  0. 18.  0.  0.  0.  0.  0.  0.  0.
  0.  0.  0.  0.  0.  0.  0.  0.  0.  0.  0.  0.  0.  0.  0.  0.  0.  0.
  0.  0.  0.  0.  0.  0.  0.  0.  0.  0.  0.  0.  0.  0.  0.  0.  0.  0.
  0.  0.  0.  0.  0.  0.  0.  0.  0.]