[ 0.  0.  0.  0.  0.  0.  0.  0.  0.  0.  0.  0.  0.  0.  0.  0.  0.  0.
  0.  0.  0.  0.  0.  0.  0.  0.  0.  0.  0.  0.  0.  0.  0.  0.  0.  0.
  0.  0.  0.  0.  0.  0.  0.  0.  0.  0.  0.  0.  0.  0.  0.  0.  0.  0.
  0.  0.  0.  0.  0.  0.  0.  0.  0.  0.  0.  0.  0.  0.  0. 13.  0.  0.
  0.  0.  0.  0.  0.  0.  0.  0.  0. 29.  0. 12.  0.  0.  0.  0.  0.  0.
  0.  0.  0. 30.  8.  9.  4. 10. 16.  0.  0.  0.  0.  0.  0.  0.  0.  0.
  0. 20.  5.  2.  1. 28.  0.  0.  0.  0.  0.  0.  0.  0.  0. 24.  0.  6.
  3.  0.  0. 26.  0.  0.  0.  0.  0.  0.  0.  0.  0. 11. 15. 14.  7. 25.
  0.  0.  0.  0.  0.  0.  0.  0.  0.  0. 17. 19. 22. 21.  0.  0.  0.  0.
  0.  0.  0.  0.  0.  0. 18.  0.  0. 23.  0.  0.  0.  0.  0.  0.  0.  0.
  0.  0.  0.  0.  0.  0.  0. 27.  0.  0.  0.  0.  0.  0.  0.  0.  0.  0.
  0.  0.  0.  0.  0. 31.  0.  0.  0.  0.  0.  0.  0.  0.  0.  0.  0.  0.
  0.  0.  0.  0.  0.  0.  0.  0.  0.]