[ 0.  0.  0.  0.  0.  0.  0.  0.  0.  0.  0.  0.  0.  0.  0.  0.  0.  0.
  0.  0.  0.  0.  0.  0.  0.  0.  0.  0.  0.  0.  0.  0.  0.  0.  0.  0.
  0.  0.  0.  0.  0.  0.  0.  0.  0.  0. 28.  0. 32. 16.  0.  0. 22.  0.
  0.  0.  0.  0.  0.  0.  0.  0. 27. 29. 30. 15.  7.  0.  0.  0.  0.  0.
  0.  0.  0.  0.  0.  0. 25.  0. 19. 11.  4. 10.  0.  0.  0.  0.  0.  0.
  0.  0.  0. 31. 21. 20. 12.  3.  2.  0.  0.  0.  0.  0.  0.  0.  0.  0.
 23. 18. 17.  5.  1. 13.  6.  0.  0.  0.  0.  0.  0.  0. 24. 33.  0.  0.
 26.  0.  0. 14.  8.  0.  0.  0.  0.  0.  0.  0.  0.  0.  0.  0.  0.  0.
  0.  0.  9.  0.  0.  0.  0.  0.  0.  0.  0.  0.  0.  0.  0.  0.  0.  0.
  0.  0.  0.  0.  0.  0.  0.  0.  0.  0.  0.  0.  0.  0.  0.  0.  0.  0.
  0.  0.  0.  0.  0.  0.  0.  0.  0.  0.  0.  0.  0.  0.  0.  0.  0.  0.
  0.  0.  0.  0.  0.  0.  0.  0.  0.  0.  0.  0.  0.  0.  0.  0.  0.  0.
  0.  0.  0.  0.  0.  0.  0.  0.  0.]