[ 0.  0.  0.  0.  0.  0.  0.  0.  0.  0.  0.  0.  0.  0.  0.  0.  0.  0.
  0.  0.  0.  0.  0.  0.  0.  0.  0. 43.  0.  0.  0.  0.  0.  0.  0.  0.
  0. 36.  0.  0.  0. 42.  0.  0.  0.  0.  0.  0.  0.  0.  0.  0. 35. 39.
  0. 34.  0.  0.  0.  0.  0.  0.  0.  0.  0.  0.  0. 21. 37. 38. 17. 15.
  0.  0.  0.  0.  0.  0.  0.  0.  0.  0.  7. 20.  5. 14.  0. 31.  0.  0.
  0.  0.  0.  0.  0.  0. 50.  1.  3.  4. 16. 30. 32. 33.  0.  0.  0.  0.
  0.  0.  0.  9.  6.  2.  8. 10. 11. 40.  0.  0.  0.  0.  0.  0.  0.  0.
 49. 12. 25. 24. 18. 22.  0. 41.  0.  0.  0.  0.  0.  0.  0. 13.  0. 28.
 26. 19.  0. 23.  0.  0.  0.  0.  0.  0.  0. 48. 47. 29. 45. 27. 46.  0.
  0.  0.  0.  0.  0.  0.  0.  0.  0. 51.  0. 44.  0.  0.  0.  0.  0.  0.
  0.  0.  0.  0.  0.  0.  0.  0.  0.  0.  0.  0.  0.  0.  0.  0.  0.  0.
  0.  0.  0.  0.  0.  0.  0.  0.  0.  0.  0.  0.  0.  0.  0.  0.  0.  0.
  0.  0.  0.  0.  0.  0.  0.  0.  0.]