[ 0.  0.  0.  0.  0.  0.  0.  0.  0.  0.  0.  0.  0.  0.  0.  0.  0.  0.
  0.  0.  0.  0.  0.  0.  0.  0.  0.  0.  0.  0.  0.  0.  0.  0. 16.  0.
  0.  0.  0.  0.  0.  0.  0.  0.  0.  0.  0.  0.  0.  0. 15.  0.  0.  0.
  0.  0.  0.  0.  0.  0.  0.  0.  0.  0.  0. 17. 11. 23.  0.  0.  0.  0.
  0.  0.  0.  0.  0.  0.  0. 19.  7.  8.  3.  0.  0.  0.  0.  0.  0.  0.
  0.  0.  0.  0. 13. 18.  2.  1.  9.  0.  0.  0.  0.  0.  0.  0.  0.  0.
 14. 20. 21. 10.  4.  5. 12.  0.  0.  0.  0.  0.  0.  0.  0. 22.  0.  0.
  0.  0.  6.  0.  0.  0.  0.  0.  0.  0.  0. 24.  0.  0.  0.  0.  0.  0.
  0.  0.  0.  0.  0.  0.  0.  0.  0.  0.  0.  0.  0.  0.  0.  0.  0.  0.
  0.  0.  0.  0.  0.  0.  0.  0.  0.  0.  0.  0.  0.  0.  0.  0.  0.  0.
  0.  0.  0.  0.  0.  0.  0.  0.  0.  0.  0.  0.  0.  0.  0.  0.  0.  0.
  0.  0.  0.  0.  0.  0.  0.  0.  0.  0.  0.  0.  0.  0.  0.  0.  0.  0.
  0.  0.  0.  0.  0.  0.  0.  0.  0.]