[ 0.  0.  0.  0.  0.  0.  0.  0.  0.  0.  0.  0.  0.  0.  0.  0.  0.  0.
  0.  0.  0.  0.  0.  0.  0.  0.  0.  0.  0.  0.  0.  0.  0.  0.  0. 44.
 34.  0.  0.  0.  0.  0.  0.  0.  0.  0. 42.  0. 32.  0. 33. 28.  0.  0.
  0.  0.  0.  0.  0.  0.  0.  0. 41. 45. 31. 43. 27. 26.  0.  0.  0. 25.
  0.  0.  0.  0. 40.  0.  9. 30. 29. 21.  0.  0.  0. 24.  0.  0.  0.  0.
  0.  0. 35.  0.  8.  7.  3.  5.  0. 20.  0.  0.  0.  0.  0.  0. 36.  0.
 37.  0.  2.  1.  0. 22. 17.  0.  0.  0.  0.  0.  0.  0.  0.  0. 13.  6.
  4. 12. 14. 15.  0.  0.  0.  0.  0.  0.  0.  0.  0.  0. 38. 23. 10.  0.
  0.  0.  0.  0.  0.  0.  0.  0.  0.  0.  0. 39. 16.  0. 11.  0.  0.  0.
  0.  0.  0.  0.  0.  0.  0.  0. 18.  0.  0.  0.  0.  0.  0.  0.  0.  0.
  0.  0.  0.  0. 19.  0.  0.  0.  0.  0.  0.  0.  0.  0.  0.  0.  0.  0.
  0.  0.  0.  0.  0.  0.  0.  0.  0.  0.  0.  0.  0.  0.  0.  0.  0.  0.
  0.  0.  0.  0.  0.  0.  0.  0.  0.]