[ 0.  0.  0.  0.  0.  0.  0.  0.  0.  0.  0.  0.  0.  0.  0.  0.  0.  0.
  0.  0.  0.  0.  0.  0.  0.  0.  0.  0.  0.  0.  0.  0.  0.  0.  0.  0.
  0.  0.  0.  0.  0.  0.  0.  0.  0.  0.  0.  0. 23.  0.  0.  0.  0.  0.
  0.  0.  0.  0.  0.  0.  0.  0.  0.  0. 21. 20. 16.  0.  0.  0. 12.  0.
  0.  0.  0.  0.  0.  0.  0.  0. 19. 15.  4.  0. 11.  0.  0.  0.  0.  0.
  0.  0.  0.  0.  0. 17. 13.  2.  3.  0.  0.  0.  0.  0.  0.  0.  0.  0.
  0.  8.  7.  5.  1.  6.  0.  0.  0.  0.  0.  0.  0.  0.  0.  0.  0.  0.
  9. 18. 22.  0.  0.  0.  0.  0.  0.  0.  0.  0.  0.  0. 10. 14.  0.  0.
  0.  0.  0.  0.  0.  0.  0.  0.  0.  0.  0.  0.  0.  0.  0.  0.  0.  0.
  0.  0.  0.  0.  0.  0.  0.  0.  0.  0.  0.  0.  0.  0.  0.  0.  0.  0.
  0.  0.  0.  0.  0.  0.  0.  0.  0.  0.  0.  0.  0.  0.  0.  0.  0.  0.
  0.  0.  0.  0.  0.  0.  0.  0.  0.  0.  0.  0.  0.  0.  0.  0.  0.  0.
  0.  0.  0.  0.  0.  0.  0.  0.  0.]