[ 0.  0.  0.  0.  0.  0.  0.  0.  0.  0.  0.  0.  0.  0.  0.  0.  0.  0.
  0.  0.  0.  0.  0.  0.  0.  0.  0.  0.  0.  0.  0.  0.  0.  0.  0.  0.
  0.  0.  0.  0.  0.  0.  0.  0.  0.  0.  0.  0.  0.  0.  0.  0.  0.  0.
  0.  0.  0.  0.  0.  0.  0.  0.  0.  0.  0.  0.  0.  0.  0.  0.  0.  0.
  0.  0.  0.  0.  0.  0.  0.  0.  0.  0. 43.  0.  0.  0.  0.  0.  0.  0.
  0.  0.  0.  0.  0. 18.  3.  2. 11. 19.  0.  0.  0.  0.  0.  0.  0.  0.
 40.  0.  7.  4.  1. 10.  9.  0.  0.  0.  0.  0.  0.  0. 42. 39. 41. 17.
  5. 16.  6.  0.  0.  0.  0.  0.  0.  0.  0. 38. 37. 27. 15. 14.  8. 12.
 13.  0.  0.  0.  0.  0.  0.  0.  0. 35. 34. 20. 22. 31. 32.  0.  0.  0.
  0.  0.  0.  0.  0.  0. 36. 21. 23. 24. 30. 33.  0.  0.  0.  0.  0.  0.
  0.  0.  0.  0.  0.  0. 25. 26.  0.  0.  0.  0.  0.  0.  0.  0.  0.  0.
  0.  0.  0.  0.  0. 28.  0.  0.  0.  0.  0.  0.  0.  0.  0.  0.  0.  0.
  0.  0.  0. 29.  0.  0.  0.  0.  0.]