[ 0.  0.  0.  0.  0.  0.  0. 24.  0.  0.  0.  0. 30.  0.  0.  0.  0.  0.
  0.  0. 38.  0. 23.  0. 22.  0. 29.  0.  0.  0.  0.  0.  0. 14. 40. 39.
 37. 15. 21. 28. 27.  0.  0.  0.  0.  0.  0.  0.  0. 13. 18. 16. 19.  4.
 25. 32.  0.  0.  0.  0.  0.  0.  0. 41. 10.  9.  5.  1.  7.  8. 26. 33.
  0.  0.  0.  0.  0. 42.  0.  0. 17.  3.  2.  6. 35.  0.  0.  0.  0.  0.
  0.  0.  0.  0. 20.  0. 31. 11. 34.  0. 36.  0.  0.  0.  0.  0.  0.  0.
  0.  0. 46. 43. 50. 12. 52. 45.  0.  0.  0.  0.  0.  0.  0.  0.  0. 60.
 44. 48. 49.  0.  0.  0.  0.  0.  0.  0.  0.  0.  0.  0. 58. 56. 47.  0.
  0.  0.  0.  0.  0.  0.  0.  0.  0. 63. 59. 57. 51. 61. 62.  0.  0.  0.
  0.  0.  0.  0.  0.  0.  0.  0. 53. 55.  0.  0.  0.  0.  0.  0.  0.  0.
  0.  0.  0.  0. 54.  0.  0.  0.  0.  0.  0.  0.  0.  0.  0.  0.  0.  0.
  0.  0.  0.  0.  0.  0.  0.  0.  0.  0.  0.  0.  0.  0.  0.  0.  0.  0.
  0.  0.  0.  0.  0.  0.  0.  0.  0.]