[ 0.  0.  0.  0.  0.  0.  0.  0.  0.  0.  0.  0.  0.  0.  0.  0.  0.  0.
  0.  0.  0.  0.  0.  0.  0.  0.  0.  0.  0.  0.  0.  0.  0.  0.  0.  0.
  0.  0.  0.  0.  0. 17.  0.  0.  0.  0.  0.  0.  0.  0.  0.  0. 13.  0.
 18. 16.  8. 19.  0.  0.  0.  0.  0.  0.  0.  0.  0.  0. 11. 14.  7.  0.
  0.  0.  0.  0.  0.  0.  0.  0.  0.  0.  9.  4.  5.  0. 21.  0.  0.  0.
  0.  0.  0.  0. 27.  0.  0.  2.  3.  0. 12.  0.  0.  0.  0.  0.  0.  0.
  0.  0. 26. 15.  1.  0. 10.  0.  0.  0.  0.  0.  0.  0.  0.  0.  0. 38.
  6. 36. 20. 34. 37.  0.  0.  0.  0.  0.  0.  0.  0.  0.  0. 31. 22. 28.
 30. 32. 33.  0.  0.  0.  0.  0.  0.  0.  0.  0. 23.  0. 24. 35.  0.  0.
  0.  0.  0.  0.  0.  0.  0.  0.  0.  0.  0. 29. 25.  0.  0.  0.  0.  0.
  0.  0.  0.  0.  0.  0.  0.  0.  0.  0.  0.  0.  0.  0.  0.  0.  0.  0.
  0.  0.  0.  0.  0.  0.  0.  0.  0.  0.  0.  0.  0.  0.  0.  0.  0.  0.
  0.  0.  0.  0.  0.  0.  0.  0.  0.]