[ 0.  0.  0.  0.  0.  0.  0.  0.  0.  0.  0.  0.  0.  0.  0.  0.  0.  0.
  0.  0.  0.  0.  0.  0.  0.  0.  0.  0.  0.  0.  0.  0.  0.  0.  0.  0.
  0.  0.  0.  0.  0.  0.  0.  0.  0.  0.  0.  0.  0.  0.  0.  0.  0.  0.
  0.  0.  0.  0.  0.  0.  0.  0.  0.  0.  0.  0.  0.  0.  0.  0.  0.  0.
  0.  0.  0.  0.  0.  0.  0.  0. 33. 35.  0. 25.  2.  0.  0. 10.  0.  0.
  0.  0.  0. 23.  0. 32.  0.  6. 17.  0.  0.  9.  0.  0.  0.  0.  0.  0.
 29. 22. 28. 24.  0.  1.  4.  3.  0.  0.  0.  0.  0.  0. 41. 34. 40. 20.
 38.  0. 18.  5. 12.  0.  0.  0.  0.  0.  0. 36. 42. 26. 30. 16. 15.  7.
 13. 11. 14.  0.  0.  0.  0. 37.  0. 27.  0. 31. 39.  8.  0.  0.  0.  0.
 19.  0.  0.  0.  0.  0.  0.  0.  0.  0.  0. 21.  0.  0.  0.  0.  0.  0.
  0.  0.  0.  0.  0.  0.  0.  0.  0.  0.  0.  0.  0.  0.  0.  0.  0.  0.
  0.  0.  0.  0.  0.  0.  0.  0.  0.  0.  0.  0.  0.  0.  0.  0.  0.  0.
  0.  0.  0.  0.  0.  0.  0.  0.  0.]