[ 0.  0.  0.  0.  0.  0.  0.  0.  0.  0.  0.  0.  0.  0.  0.  0.  0.  0.
  0.  0.  0.  0.  0.  0.  0.  0.  0.  0.  0.  0.  0.  0.  0.  0.  0.  0.
  0.  0.  0.  0.  0. 42.  0.  0.  0.  0.  0.  0.  0.  0.  0.  0.  0.  0.
  0. 41.  0.  0.  0.  0.  0.  0.  0.  0.  0.  0.  9.  0. 38. 37. 19. 35.
 15. 36.  0.  0.  0.  0.  0.  0.  0.  0.  8. 39.  0. 18. 14.  0.  0.  0.
  0.  0.  0.  0.  0.  0.  0.  7.  4.  0. 12. 48.  0.  0.  0.  0.  0.  0.
  0.  0. 28. 40.  1.  5.  6. 16. 47. 32.  0.  0.  0.  0.  0.  0.  0.  0.
  3. 21.  2. 20. 10. 23. 24.  0.  0.  0.  0.  0.  0.  0.  0.  0. 13. 26.
 25. 17. 11.  0.  0.  0.  0.  0.  0.  0.  0.  0.  0. 22. 27. 31. 43.  0.
  0.  0.  0.  0.  0.  0.  0.  0.  0.  0.  0. 33. 29.  0.  0.  0.  0.  0.
  0.  0.  0.  0.  0.  0.  0. 34. 44. 45. 30.  0.  0.  0.  0.  0.  0.  0.
  0.  0.  0.  0.  0.  0. 46.  0.  0.  0.  0.  0.  0.  0.  0.  0.  0.  0.
  0.  0.  0.  0.  0.  0.  0.  0.  0.]