[ 0.  0.  0.  0.  0.  0.  0.  0.  0.  0.  0.  0.  0.  0.  0.  0.  0.  0.
  0.  0.  0.  0.  0.  0.  0.  0.  0.  0.  0.  0.  0.  0.  0.  0.  0.  0.
  0.  0. 12. 14.  0.  0.  0.  0.  0.  0.  0. 20.  0.  0.  0.  0.  0. 11.
  0.  0.  0.  0.  0.  0.  0.  0.  0. 19.  0.  0.  0. 13.  9.  0.  0.  0.
  0.  0.  0.  0.  0.  0.  0. 17.  0.  7.  8.  5.  0.  0.  0.  0.  0.  0.
  0.  0.  0.  0.  0. 15.  4.  3. 30.  0.  0.  0.  0.  0.  0.  0.  0.  0.
  0. 16.  0.  1.  2. 10.  0.  0.  0.  0.  0.  0.  0.  0.  0. 25. 24.  6.
 22. 18. 23.  0.  0.  0.  0.  0.  0.  0.  0.  0.  0. 27. 28. 21.  0.  0.
  0.  0.  0.  0.  0.  0.  0.  0.  0.  0. 26.  0.  0.  0.  0.  0.  0.  0.
  0.  0.  0.  0.  0.  0. 29.  0.  0.  0.  0.  0.  0.  0.  0.  0.  0.  0.
  0.  0.  0.  0.  0.  0.  0.  0.  0.  0.  0.  0.  0.  0.  0.  0.  0.  0.
  0.  0.  0.  0.  0.  0.  0.  0.  0.  0.  0.  0.  0.  0.  0.  0.  0.  0.
  0.  0.  0.  0.  0.  0.  0.  0.  0.]