[ 0.  0.  0.  0.  0.  0.  0.  0.  0.  0.  0.  0.  0.  0.  0.  0.  0.  0.
  0.  0.  0.  0.  0.  0.  0.  0.  0.  0.  0.  0.  0.  0.  0.  0.  0. 32.
  0.  0.  0.  0.  0.  0.  0.  0.  0.  0.  0.  0.  0.  0. 24. 31.  0. 18.
  0.  0.  0.  0.  0.  0.  0.  0.  0.  0.  0. 23. 26. 17. 25.  0.  0.  0.
  0.  0.  0.  0.  0.  0.  0. 10. 21. 13. 27. 29. 30.  0.  0.  0.  0.  0.
  0.  0.  0.  0.  0.  9. 28.  6.  3. 33. 39.  0.  0.  0.  0.  0.  0.  0.
 20. 15. 19.  7.  1.  8.  0. 34.  0. 43.  0.  0.  0.  0.  0. 16. 35. 22.
  4.  5.  2. 14. 38. 42. 44.  0.  0.  0.  0.  0.  0.  0.  0.  0.  0. 11.
  0. 36.  0.  0.  0.  0.  0.  0.  0.  0.  0.  0.  0.  0.  0. 12. 40. 37.
  0.  0.  0.  0.  0.  0.  0.  0.  0.  0.  0.  0.  0. 41.  0.  0.  0.  0.
  0.  0.  0.  0.  0.  0.  0.  0.  0.  0.  0.  0.  0.  0.  0.  0.  0.  0.
  0.  0.  0.  0.  0.  0.  0.  0.  0.  0.  0.  0.  0.  0.  0.  0.  0.  0.
  0.  0.  0.  0.  0.  0.  0.  0.  0.]