[ 0.  0.  0.  0.  0.  0.  0.  0.  0.  0.  0.  0.  0.  0.  0.  0.  0.  0.
  0.  0.  0.  0.  0.  0.  0.  0.  0.  0.  0.  0.  0.  0.  0.  0.  0.  0.
  0.  0.  0.  0.  0.  0.  0.  0.  0.  0.  0.  0.  0.  0.  0.  0.  0.  0.
  0.  0.  0.  0.  0.  0.  0.  0.  0.  0.  0.  0.  0.  0.  0.  0.  0.  0.
  0.  0.  0.  0.  0.  0.  0.  0.  0.  0.  0.  0.  0.  0.  0.  0.  0.  0.
  0.  0.  0.  0.  0.  0.  0.  0.  0.  0. 14.  0.  0.  0.  0.  0.  0.  0.
  0. 10.  9.  5.  1.  7.  8.  0.  0.  0.  0.  0.  0.  0.  0.  0.  0.  0.
  0.  3.  2.  0.  0.  0.  0.  0.  0.  0.  0.  0.  0.  0.  0. 11.  4.  6.
  0.  0.  0.  0.  0.  0.  0.  0.  0.  0.  0.  0. 12.  0.  0.  0.  0.  0.
  0.  0.  0.  0.  0.  0.  0.  0. 13.  0.  0.  0.  0.  0.  0.  0.  0.  0.
  0.  0.  0.  0.  0.  0.  0.  0.  0.  0.  0.  0.  0.  0.  0.  0.  0.  0.
  0.  0.  0.  0.  0.  0.  0.  0.  0.  0.  0.  0.  0.  0.  0.  0.  0.  0.
  0.  0.  0.  0.  0.  0.  0.  0.  0.]