[ 0.  0.  0.  0.  0.  0.  0.  0.  0.  0.  0.  0.  0.  0.  0.  0.  0.  0.
  0.  0.  0.  0.  0. 27.  0.  0.  0.  0.  0.  0.  0.  0.  0. 40. 35. 13.
  0. 26.  0.  0.  0.  0.  0.  0.  0.  0.  0.  0. 37. 34. 36. 12. 38. 39.
  0.  0.  0.  0.  0.  0.  0.  0.  0. 31. 30. 18. 28.  8. 29.  0.  0.  0.
  0.  0.  0.  0.  0.  0.  0. 24.  0. 17.  7.  4.  0.  0.  0.  0.  0.  0.
  0.  0.  0. 25. 32.  0. 44.  3.  2. 10.  0.  0.  0.  0.  0.  0.  0.  0.
  0. 33. 45. 43.  1.  9. 14. 11.  0.  0.  0.  0.  0.  0.  0.  0.  0. 22.
 21.  5. 19. 15. 20.  0.  0.  0.  0.  0.  0.  0.  0.  0.  0. 23.  6.  0.
  0. 16.  0.  0.  0.  0.  0.  0.  0.  0.  0. 41.  0.  0.  0.  0.  0.  0.
  0.  0.  0.  0.  0.  0.  0. 42.  0.  0.  0.  0.  0.  0.  0.  0.  0.  0.
  0.  0.  0.  0.  0.  0.  0.  0.  0.  0.  0.  0.  0.  0.  0.  0.  0.  0.
  0.  0.  0.  0.  0.  0.  0.  0.  0.  0.  0.  0.  0.  0.  0.  0.  0.  0.
  0.  0.  0.  0.  0.  0.  0.  0.  0.]