[ 0.  0.  0.  0.  0.  0. 22.  0.  0.  0.  0.  0.  0.  0.  0.  0.  0.  0.
  0. 29.  0.  0. 21.  0. 39.  0.  0.  0.  0.  0.  0.  0.  0. 15.  0. 28.
  0.  0. 19.  0.  8. 33.  0.  0.  0.  0.  0.  0.  0. 14. 36. 26. 37. 23.
  7. 32. 31.  0.  0.  0.  0.  0.  0.  0.  0. 12. 35. 18.  5. 30. 11.  0.
  0.  0.  0.  0.  0.  0.  0.  0. 17. 10.  3.  4. 34.  0. 20.  0.  0.  0.
  0.  0.  0.  0. 38. 16.  1.  2.  0. 27.  0.  0.  0.  0.  0.  0.  0.  0.
  0. 24.  6.  9.  0. 13.  0.  0.  0.  0.  0.  0.  0.  0.  0. 25.  0.  0.
  0.  0.  0.  0.  0.  0.  0.  0.  0.  0.  0.  0.  0.  0.  0.  0.  0.  0.
  0.  0.  0.  0.  0.  0.  0.  0.  0.  0.  0.  0.  0.  0.  0.  0.  0.  0.
  0.  0.  0.  0.  0.  0.  0.  0.  0.  0.  0.  0.  0.  0.  0.  0.  0.  0.
  0.  0.  0.  0.  0.  0.  0.  0.  0.  0.  0.  0.  0.  0.  0.  0.  0.  0.
  0.  0.  0.  0.  0.  0.  0.  0.  0.  0.  0.  0.  0.  0.  0.  0.  0.  0.
  0.  0.  0.  0.  0.  0.  0.  0.  0.]