[ 0.  0.  0.  0.  0.  0.  0.  0.  0.  0.  0.  0.  0.  0.  0.  0.  0.  0.
  0.  0.  0.  0.  0.  0.  0.  0.  0.  0.  0.  0.  0.  0.  0.  0.  0.  0.
 53.  0.  0.  0.  0.  0.  0.  0.  0.  0.  0. 56. 30.  0.  0. 54. 52.  0.
  0. 32.  0.  0.  0.  0.  0.  0.  0. 43. 29. 28.  0.  0. 26. 31. 45. 58.
  0.  0.  0.  0.  0. 37. 42. 55. 27. 20.  2. 25. 50. 44. 41.  0.  0.  0.
  0.  0.  0. 36. 10.  9.  5.  7.  3.  8. 40. 57.  0.  0.  0.  0.  0.  0.
  0. 14. 13. 11.  1. 15. 16.  0. 51.  0.  0.  0.  0.  0.  0. 33. 19. 18.
  4. 12.  6. 17.  0. 59.  0.  0.  0.  0.  0.  0. 21. 49. 48. 34. 38. 46.
 47. 23. 60.  0.  0.  0.  0.  0. 22.  0.  0. 65. 39. 35. 63. 61. 64. 24.
  0.  0.  0.  0.  0.  0.  0.  0.  0.  0.  0. 62.  0.  0.  0.  0.  0.  0.
  0.  0.  0.  0.  0.  0.  0.  0.  0.  0.  0.  0.  0.  0.  0.  0.  0.  0.
  0.  0.  0.  0.  0.  0.  0.  0.  0.  0.  0.  0.  0.  0.  0.  0.  0.  0.
  0.  0.  0.  0.  0.  0.  0.  0.  0.]