[ 0.  0.  0.  0.  0.  0.  0.  0.  0.  0.  0.  0.  0.  0.  0.  0.  0.  0.
  0.  0. 27.  0.  0. 15.  0.  0.  0.  0.  0.  0.  0.  0.  0.  0. 29. 28.
 26. 14.  0.  9.  0.  0.  0.  0.  0.  0.  0.  0.  0. 21.  1.  2.  4.  7.
  0. 17. 35.  0.  0.  0.  0.  0.  0.  0.  0. 10.  3.  5.  6. 38. 34. 18.
 39.  0.  0.  0.  0.  0.  0. 12. 11.  8. 16. 30. 24. 31.  0.  0.  0.  0.
  0.  0.  0. 13. 19.  0.  0. 20. 32. 46. 25.  0.  0.  0.  0.  0.  0.  0.
  0.  0. 43. 42. 36. 22. 40. 41.  0.  0.  0.  0.  0.  0.  0.  0.  0.  0.
 37. 44. 33. 23.  0.  0.  0.  0.  0.  0.  0.  0.  0.  0.  0.  0. 45.  0.
  0.  0.  0.  0.  0.  0.  0.  0.  0.  0.  0.  0.  0.  0. 47.  0.  0.  0.
  0.  0.  0.  0.  0.  0.  0.  0.  0.  0.  0.  0.  0.  0.  0.  0.  0.  0.
  0.  0.  0.  0.  0.  0.  0.  0.  0.  0.  0.  0.  0.  0.  0.  0.  0.  0.
  0.  0.  0.  0.  0.  0.  0.  0.  0.  0.  0.  0.  0.  0.  0.  0.  0.  0.
  0.  0.  0.  0.  0.  0.  0.  0.  0.]