[ 0.  0.  0.  0.  0.  0.  0.  0.  0.  0.  0.  0.  0.  0.  0.  0.  0.  0.
  0.  0.  0.  0.  0.  0.  0.  0.  0.  0.  0.  0. 24.  0.  0.  0.  0. 40.
 16. 47.  0.  0.  0.  0.  0.  0.  0.  0. 23. 27. 44. 43.  7. 39. 45. 46.
  0.  0.  0.  0.  0.  0. 61. 38. 21. 26.  9.  8.  6. 37. 34. 36.  0.  0.
  0.  0.  0.  0. 31. 30. 15. 12. 10.  5.  2. 35.  0. 52.  0.  0.  0.  0.
 20. 19. 17. 13. 11. 14.  3.  1.  4. 41.  0.  0.  0.  0.  0.  0. 18.  0.
 59.  0. 22. 28. 33. 32. 48. 42. 50. 51.  0.  0.  0.  0.  0.  0. 57. 25.
 58. 29. 55. 56. 49.  0.  0.  0.  0.  0.  0.  0.  0.  0. 60.  0. 53.  0.
  0.  0.  0.  0.  0.  0.  0.  0.  0.  0.  0.  0.  0. 54.  0.  0.  0.  0.
  0.  0.  0.  0.  0.  0.  0.  0.  0.  0.  0.  0.  0.  0.  0.  0.  0.  0.
  0.  0.  0.  0.  0.  0.  0.  0.  0.  0.  0.  0.  0.  0.  0.  0.  0.  0.
  0.  0.  0.  0.  0.  0.  0.  0.  0.  0.  0.  0.  0.  0.  0.  0.  0.  0.
  0.  0.  0.  0.  0.  0.  0.  0.  0.]