[ 0.  0.  0.  0.  0.  0.  0.  0.  0.  0.  0.  0.  0.  0.  0.  0.  0.  0.
  0.  0.  0.  0.  0.  0.  0.  0.  0.  0.  0.  0.  0.  0.  0.  0.  0.  0.
  0.  0.  0.  0.  0.  0.  0.  0.  0.  0.  0.  0.  0.  0.  0.  0.  0.  0.
  0.  0.  0.  0.  0.  0.  0.  0.  0.  0.  0.  0.  0.  0.  7.  0.  0.  0.
  0.  0.  0.  0.  0.  0.  0.  0.  0.  0.  4.  0.  0.  0.  0.  0.  0.  0.
  0.  0.  0.  0. 11. 17.  2.  3.  0.  0.  0.  0.  0.  0.  0.  0.  0.  0.
  0. 30.  6.  5.  1.  0.  0.  0.  0.  0.  0.  0.  0.  0. 15. 14.  8. 12.
 10. 13.  0.  0.  0.  0.  0.  0.  0.  0.  0.  0.  9. 20. 16.  0. 21.  0.
  0.  0.  0.  0.  0.  0.  0.  0.  0. 27. 26. 18. 24. 22. 25.  0.  0.  0.
  0.  0.  0.  0.  0.  0.  0. 28. 19. 23.  0.  0.  0.  0.  0.  0.  0.  0.
  0.  0.  0.  0. 29.  0.  0.  0.  0.  0.  0.  0.  0.  0.  0.  0.  0.  0.
  0.  0.  0.  0.  0.  0.  0.  0.  0.  0.  0.  0.  0.  0.  0.  0.  0.  0.
  0.  0.  0.  0.  0.  0.  0.  0.  0.]