[ 0.  0.  0.  0.  0.  0.  0.  0.  0.  0.  0.  0.  0.  0.  0.  0.  0.  0.
  0.  0.  0.  0.  0.  0.  0.  0.  0.  0.  0.  0.  0.  0.  0.  0.  0.  0.
  0.  0.  0.  0.  0.  0.  0.  0.  0.  0.  0.  0.  0.  0. 24.  0.  0.  0.
  0.  0.  0.  0.  0.  0.  0.  0.  0.  0.  0. 23. 25. 26. 13.  0.  0.  0.
  0.  0.  0.  0.  0.  0.  0. 29. 17. 16.  6.  8. 18. 19.  0.  0.  0.  0.
  0.  0.  0.  0.  0. 21.  2.  5.  4.  0.  0.  0.  0.  0.  0.  0.  0.  0.
 12. 11.  9.  7.  1. 10.  0.  0.  0.  0.  0.  0.  0.  0.  0.  0.  0. 22.
  3. 27. 14.  0.  0.  0.  0.  0.  0.  0.  0.  0.  0.  0.  0.  0. 20. 15.
  0.  0.  0.  0.  0.  0.  0.  0.  0.  0.  0.  0.  0.  0.  0. 28.  0.  0.
  0.  0.  0.  0.  0.  0.  0.  0.  0.  0.  0.  0.  0.  0.  0.  0.  0.  0.
  0.  0.  0.  0.  0.  0.  0.  0.  0.  0.  0.  0.  0.  0.  0.  0.  0.  0.
  0.  0.  0.  0.  0.  0.  0.  0.  0.  0.  0.  0.  0.  0.  0.  0.  0.  0.
  0.  0.  0.  0.  0.  0.  0.  0.  0.]