[ 0.  0.  0.  0.  0.  0.  0.  0.  0.  0.  0.  0.  0.  0.  0.  0.  0.  0.
  0.  0.  0.  0.  0.  0.  0.  0.  0.  0.  0.  0.  0.  0.  0.  0.  0.  0.
  0.  0.  0.  0.  0.  0.  0.  0.  0.  0.  0.  0.  0.  0.  0.  0.  0.  0.
  0.  0.  0.  0.  0.  0.  0.  0.  0.  0.  0.  0.  0.  0.  0.  0.  0.  0.
  0.  0.  0.  0.  0.  0.  0.  0.  0.  4.  0.  0.  0.  0.  0.  0.  0.  0.
  0.  0.  0.  0. 24.  2.  1.  8.  0.  0.  0.  0.  0.  0.  0.  0.  0.  0.
  0.  5.  6.  3.  0. 15. 19.  0.  0.  0.  0.  0.  0.  0.  0. 22. 21.  7.
 11. 13. 14.  0.  0.  0.  0.  0.  0.  0.  0.  0.  0. 23. 20.  9. 18.  0.
  0.  0.  0.  0.  0.  0.  0.  0.  0.  0. 17. 16. 12. 10.  0.  0.  0.  0.
  0.  0.  0.  0.  0.  0.  0. 25.  0.  0.  0.  0.  0.  0.  0.  0.  0.  0.
  0.  0.  0.  0.  0.  0.  0.  0.  0.  0.  0.  0.  0.  0.  0.  0.  0.  0.
  0.  0.  0.  0.  0.  0.  0.  0.  0.  0.  0.  0.  0.  0.  0.  0.  0.  0.
  0.  0.  0.  0.  0.  0.  0.  0.  0.]