[ 0.  0.  0.  0.  0.  0.  0.  0.  0.  0.  0.  0.  0.  0.  0.  0.  0.  0.
  0.  0.  0.  0.  0.  0.  0.  0.  0.  0.  0.  0.  0.  0.  0.  0.  0.  0.
  0.  0.  0.  0.  0.  0.  0.  0.  0.  0.  0.  0.  0.  0. 30. 25.  0.  0.
  0.  0.  0.  0.  0.  0.  0.  0.  0.  0. 14.  7. 13. 11. 55. 56.  0.  0.
  0.  0.  0.  0.  0.  0. 31. 15. 12.  6. 29. 27. 57.  0.  0.  0.  0.  0.
  0.  0. 43. 26.  0.  8.  9.  2.  5. 28.  0.  0.  0.  0.  0.  0.  0.  0.
 42. 10. 18.  1.  3.  4. 32.  0.  0. 54.  0.  0.  0.  0.  0.  0. 36. 21.
 19. 22. 35. 16. 40. 53.  0. 65.  0.  0.  0.  0.  0.  0. 20. 23. 34. 41.
 33. 17.  0. 63.  0.  0.  0.  0.  0.  0.  0.  0. 24. 38. 39. 49. 44. 61.
  0.  0.  0.  0.  0.  0.  0.  0.  0. 48. 37. 45. 47. 51. 52.  0.  0.  0.
  0.  0.  0.  0.  0.  0. 58. 50. 46. 59.  0.  0.  0.  0.  0.  0.  0.  0.
  0.  0.  0.  0.  0. 62. 60.  0.  0.  0.  0.  0.  0.  0.  0.  0.  0.  0.
  0.  0.  0. 64.  0.  0.  0.  0.  0.]