[ 0.  0.  0.  0.  0.  0.  0.  0.  0.  0.  0.  0.  0.  0.  0.  0.  0.  0.
  0.  0.  0.  0.  0.  0.  0.  0.  0.  0.  0.  0.  0.  0.  0.  0.  0.  0.
  0.  0.  0.  0.  0.  0.  0.  0.  0.  0.  0.  0.  0.  0.  0.  0.  0.  0.
  0.  0.  0.  0.  0.  0.  0.  0.  0.  0.  0.  0.  0.  0. 25.  0.  0.  0.
  0.  0.  0.  0.  0.  0.  0.  0.  0. 30. 23. 24.  0.  0.  0.  0.  0.  0.
  0.  0.  0.  0.  0. 11.  8. 10.  6. 12. 13.  0.  0.  0.  0.  0.  0.  0.
  0.  0. 17.  1.  3.  4. 22.  0. 21.  0.  0.  0.  0.  0.  0.  0.  0. 32.
  5.  2. 14. 19. 20.  0.  0.  0.  0.  0.  0.  0.  0. 33. 31.  7.  9. 15.
 16.  0. 28.  0.  0.  0.  0.  0.  0.  0.  0.  0.  0.  0. 18.  0.  0.  0.
 29.  0.  0.  0.  0.  0.  0.  0.  0.  0. 26.  0.  0.  0.  0.  0.  0.  0.
  0.  0.  0.  0.  0.  0. 27.  0.  0.  0.  0.  0.  0.  0.  0.  0.  0.  0.
  0.  0.  0.  0.  0.  0.  0.  0.  0.  0.  0.  0.  0.  0.  0.  0.  0.  0.
  0.  0.  0.  0.  0.  0.  0.  0.  0.]