[ 0.  0.  0.  0.  0.  0.  0.  0.  0.  0.  0.  0.  0.  0.  0.  0.  0.  0.
  0.  0.  0.  0.  0.  0.  0.  0.  0.  0.  0.  0.  0.  0.  0.  0.  0.  0.
  0.  0.  0.  0.  0.  0.  0.  0.  0.  0.  0.  0.  0.  0.  0.  0.  0.  0.
  0.  0.  0.  0.  0.  0.  0.  0.  0.  0.  0.  0.  0.  0.  0.  0.  0.  0.
  0.  0.  0.  0.  0.  0.  0.  0.  0.  0.  0.  0.  0.  0.  0.  0.  0.  0.
  0.  0.  0.  0.  0.  0. 16.  0.  0.  0.  0.  0.  0.  0.  0.  0.  0.  0.
  0.  0.  0.  0.  0.  0.  0.  0.  0.  0.  9.  0.  0.  0.  0.  0.  0.  0.
  0.  0.  0.  0.  0.  0.  8.  0.  0.  0.  0.  0.  0.  0.  0.  0.  0.  0.
  0.  0.  4. 12. 18.  0.  0.  0.  0.  0.  0.  0.  0.  0.  0.  0.  2.  3.
 15.  0.  0.  0.  0.  0.  0.  0.  0.  0.  0.  0.  6.  5.  1. 10.  0.  0.
  0.  0.  0.  0.  0.  0.  0. 25.  7. 11. 17. 23. 24.  0.  0.  0.  0.  0.
  0.  0.  0.  0.  0. 13. 19. 21. 22.  0.  0.  0.  0.  0.  0.  0.  0.  0.
  0. 14. 20.  0.  0.  0.  0.  0.  0.]