[ 0.  0.  0.  0.  0.  0.  0.  0.  0.  0.  0.  0.  0.  0.  0.  0.  0.  0.
  0.  0.  0.  0.  0.  0.  0.  0.  0.  0.  0.  0.  0.  0.  0.  0.  0. 62.
  0.  0.  0.  0.  0.  0.  0.  0.  0.  0.  0.  0.  0.  0.  0. 61.  0.  0.
  0.  0.  0.  0.  0.  0.  0.  0.  0.  0. 30. 52. 27. 17. 60. 16. 58.  0.
  0.  0.  0.  0.  0.  0. 29. 28. 24. 22.  8. 15.  0. 59.  0.  0.  0.  0.
  0.  0.  0. 33. 26. 21.  6.  7.  2. 13. 10.  0.  0.  0.  0.  0.  0.  0.
 32. 31. 23.  3.  1.  4.  9. 18.  0. 65.  0.  0.  0.  0.  0.  0.  0. 34.
 25. 12.  5. 14.  0. 63.  0.  0.  0.  0.  0.  0. 57.  0.  0. 41. 11. 19.
 20. 45. 51.  0.  0.  0.  0.  0.  0.  0. 56. 47. 39. 38. 35. 37. 50. 64.
  0.  0.  0.  0.  0.  0.  0.  0. 40. 42.  0. 43. 36.  0. 53.  0.  0.  0.
  0.  0.  0.  0.  0. 55. 54. 46. 44. 48. 49.  0.  0.  0.  0.  0.  0.  0.
  0.  0.  0.  0.  0.  0.  0.  0.  0.  0.  0.  0.  0.  0.  0.  0.  0.  0.
  0.  0.  0.  0.  0.  0.  0.  0.  0.]