[ 0.  0.  0.  0.  0.  0.  0.  0.  0.  0.  0.  0.  0.  0.  0.  0.  0.  0.
  0.  0.  0.  0.  0.  0.  0.  0.  0.  0.  0.  0.  0.  0.  0.  0.  0.  0.
  0.  0.  0.  0.  0.  0.  0.  0.  0.  0.  0.  0.  0.  0.  0.  0.  0.  0.
  0.  0.  0.  0.  0.  0.  0.  0.  0.  0.  0.  0.  0.  0.  0.  0.  0.  0.
  0.  0.  0.  0.  0.  0.  0.  0.  0.  0.  0.  0.  0.  0.  0.  0.  0.  0.
  0.  0.  0.  0.  0.  0.  0.  0.  0.  0.  0.  0.  0.  0.  0.  0.  0.  0.
  0.  0.  4.  0.  1.  0. 10.  0.  0.  0.  0.  0.  0.  0.  0.  0.  0.  0.
  2.  8.  6.  9.  0. 20.  0.  0.  0.  0.  0.  0.  0.  0.  3. 12.  5. 11.
  7. 13. 14.  0.  0.  0.  0.  0.  0.  0.  0.  0. 16. 18.  0. 15.  0.  0.
  0.  0.  0.  0.  0.  0.  0.  0. 25. 17. 23. 19. 21. 24.  0.  0.  0.  0.
  0.  0.  0.  0.  0.  0.  0.  0.  0. 22.  0.  0.  0.  0.  0.  0.  0.  0.
  0.  0.  0.  0.  0.  0.  0.  0.  0.  0.  0.  0.  0.  0.  0.  0.  0.  0.
  0.  0.  0.  0.  0.  0.  0.  0.  0.]