[ 0.  0.  0.  0.  0.  0.  0.  0.  0.  0.  0.  0.  0.  0.  0.  0.  0.  0.
  0.  0. 33.  0.  0.  0.  0.  0.  0.  0.  0.  0.  0.  0.  0.  0.  0.  0.
 32.  0.  0.  0. 21.  0.  0.  0.  0.  0.  0.  0.  0.  0.  0.  0. 24. 31.
 20.  0.  0.  0.  0.  0.  0.  0.  0.  0.  0.  0.  7.  0. 12. 47. 49.  0.
  0.  0.  0.  0.  0.  0.  0.  0.  0.  6. 10. 11.  0. 48. 28.  0.  0.  0.
  0.  0.  0.  0.  0. 17.  4.  1.  3. 30. 27. 29.  0.  0.  0.  0. 54.  0.
 37.  0. 15.  2.  0.  5. 25.  0.  0.  0.  0.  0.  0.  0. 52. 35. 34. 22.
  8. 16. 13.  0.  0.  0.  0.  0.  0.  0.  0.  0. 46.  0. 36.  9. 23. 14.
  0.  0.  0.  0.  0.  0.  0.  0.  0. 45. 42. 44. 26. 40. 41. 18.  0.  0.
  0.  0.  0.  0.  0.  0. 43.  0. 50.  0. 38.  0.  0. 19.  0.  0.  0.  0.
  0.  0.  0.  0.  0. 51. 53.  0. 39.  0.  0.  0.  0.  0.  0.  0.  0.  0.
  0.  0.  0.  0.  0.  0.  0.  0.  0.  0.  0.  0.  0.  0.  0.  0.  0.  0.
  0.  0.  0.  0.  0.  0.  0.  0.  0.]