[ 0.  0.  0.  0.  0.  0.  0.  0.  0.  0.  0.  0.  0.  0.  0.  0.  0.  0.
  0.  0.  0.  0.  0.  0.  0.  0.  0.  0.  0.  0.  0.  0.  0.  0.  0.  0.
  0.  0.  0.  0.  0.  0.  0.  0.  0.  0.  0.  0.  0.  0.  0.  0.  0.  0.
  0.  0.  0.  0.  0.  0.  0.  0.  0.  0.  0.  0.  0.  0.  0.  0.  0.  0.
  0.  0.  0.  0.  0.  0.  0.  0.  0.  0.  0.  0.  0.  0.  0.  0.  0.  0.
  0.  0.  0.  0.  0.  0.  8.  9.  0.  0.  0.  0.  0.  0.  0.  0.  0. 20.
 22.  0. 14.  3.  1.  4. 18.  0.  0.  0.  0.  0.  0.  0.  0. 13. 12. 10.
  6.  2.  7.  0.  0.  0.  0.  0.  0.  0.  0.  0. 15. 19. 16.  5. 11.  0.
  0.  0.  0.  0.  0.  0.  0.  0.  0. 21. 24. 17. 23.  0.  0.  0.  0.  0.
  0.  0.  0.  0.  0.  0. 32. 31. 29. 25. 33.  0.  0.  0.  0.  0.  0.  0.
  0.  0. 34.  0. 30.  0. 27. 26.  0.  0.  0.  0.  0.  0.  0.  0.  0.  0.
  0.  0.  0. 28.  0.  0.  0.  0.  0.  0.  0.  0.  0.  0.  0.  0.  0.  0.
  0.  0.  0.  0.  0.  0.  0.  0.  0.]