[ 0.  0.  0.  0.  0.  0.  0.  0.  0.  0.  0.  0.  0.  0.  0.  0.  0.  0.
  0.  0.  0.  0.  0.  0.  0.  0.  0.  0.  0.  0.  0.  0.  0.  0.  0.  0.
  0.  0.  0.  0.  0.  0.  0.  0.  0.  0.  0.  0. 17. 19. 11.  0. 13.  0.
  0.  0.  0.  0.  0.  0.  0.  0.  0.  0. 16.  0. 10.  0.  9.  0.  0.  0.
  0.  0.  0.  0.  0.  0. 24. 18. 12. 22.  8. 23.  0.  0.  0.  0.  0.  0.
  0.  0.  0.  0. 14.  0.  4.  3.  6.  0.  0.  0.  0.  0.  0.  0.  0.  0.
  0. 20. 15.  0.  2.  0.  1.  0.  0.  0.  0.  0.  0.  0.  0.  0. 21.  0.
  7.  0.  5.  0.  0.  0.  0.  0.  0.  0.  0.  0.  0.  0.  0.  0.  0.  0.
  0.  0.  0.  0.  0.  0.  0.  0.  0.  0.  0.  0.  0.  0.  0.  0.  0.  0.
  0.  0.  0.  0.  0.  0.  0.  0.  0.  0.  0.  0.  0.  0.  0.  0.  0.  0.
  0.  0.  0.  0.  0.  0.  0.  0.  0.  0.  0.  0.  0.  0.  0.  0.  0.  0.
  0.  0.  0.  0.  0.  0.  0.  0.  0.  0.  0.  0.  0.  0.  0.  0.  0.  0.
  0.  0.  0.  0.  0.  0.  0.  0.  0.]