[ 0.  0.  0.  0.  0.  0.  0.  0.  0.  0.  0.  0.  0.  0.  0.  0.  0.  0.
  0.  0.  0.  0.  0.  0.  0.  0.  0.  0.  0.  0.  0.  0.  0.  0.  0.  0.
  0.  0.  0.  0.  0.  0.  0.  0.  0.  0.  0.  0.  0.  0.  0.  0.  0.  0.
  0.  0.  0.  0.  0.  0.  0.  0.  0.  0.  0.  0.  0. 12.  0.  0.  0.  0.
  0.  0.  0.  0.  0.  0.  0.  0.  0.  0. 11. 13. 33.  0. 22.  0.  0.  0.
  0.  0.  0.  0.  0.  0.  9.  1.  8. 32. 23. 28.  0.  0.  0.  0.  0.  0.
  0.  0.  0.  2.  5.  4. 20. 31. 26. 27.  0.  0.  0.  0.  0.  0.  0.  0.
  7.  3. 10. 30. 24. 29.  0.  0.  0.  0.  0.  0.  0.  0.  0. 17.  6. 14.
 16. 19. 18.  0.  0.  0.  0.  0.  0.  0.  0.  0. 21.  0. 15. 34.  0.  0.
 25.  0.  0.  0.  0.  0.  0.  0.  0.  0.  0.  0.  0.  0.  0.  0.  0.  0.
  0.  0.  0.  0.  0.  0.  0.  0.  0.  0.  0.  0.  0.  0.  0.  0.  0.  0.
  0.  0.  0.  0.  0.  0.  0.  0.  0.  0.  0.  0.  0.  0.  0.  0.  0.  0.
  0.  0.  0.  0.  0.  0.  0.  0.  0.]