[ 0.  0.  0.  0.  0.  0.  0.  0.  0.  0.  0.  0.  0.  0.  0.  0.  0.  0.
  0.  0.  0.  0.  0.  0.  0.  0.  0.  0.  0.  0.  0.  0.  0.  0.  0.  0.
  0.  0.  0.  0.  0.  0.  0.  0.  0.  0.  0.  0.  0.  0.  0.  0.  0.  0.
  0.  0.  0.  0.  0.  0.  0.  0.  0.  0.  0.  0.  0.  0.  0.  0.  0. 29.
  0.  0.  0.  0.  0.  0. 16.  0.  0. 30.  0.  0.  0. 28.  0.  0.  0.  0.
  0.  0.  0.  0. 15. 25.  6. 24. 10. 26. 27.  0.  0.  0.  0.  0.  0.  0.
 14. 13. 11.  1.  9. 12.  0.  0.  0.  0.  0.  0.  0.  0.  0. 23. 18.  2.
  5.  4.  0.  0.  0.  0.  0.  0.  0.  0.  0. 31. 20. 17. 19.  3. 33. 35.
  0.  0.  0.  0.  0.  0.  0. 32.  0.  0. 21.  0.  7.  0. 34.  0.  0.  0.
  0.  0.  0.  0.  0.  0. 22.  0.  0.  8.  0.  0.  0.  0.  0.  0.  0.  0.
  0.  0.  0.  0.  0.  0.  0.  0.  0.  0.  0.  0.  0.  0.  0.  0.  0.  0.
  0.  0.  0.  0.  0.  0.  0.  0.  0.  0.  0.  0.  0.  0.  0.  0.  0.  0.
  0.  0.  0.  0.  0.  0.  0.  0.  0.]