[ 0.  0.  0.  0.  0.  0.  0.  0.  0.  0.  0.  0.  0.  0.  0.  0.  0.  0.
  0. 91. 64. 84. 90. 82. 92.  0.  0.  0.  0.  0.  0.  0. 74. 73. 61. 71.
 63. 72. 81.  0.  0.  0.  0.  0.  0.  0.  0.  0.  0. 83. 54.  0. 59. 79.
 45. 80.  0.  0.  0.  0.  0.  0.  0. 67. 10. 53. 60. 48. 49. 32. 44. 78.
  0.  0.  0. 89.  0. 85. 62.  0.  9. 36. 50.  0. 25. 33. 34. 29. 21.  0.
  0. 86. 65. 66. 42. 51.  5.  3.  6. 11. 24.  0. 20.  0.  0.  0.  0. 88.
 56. 55. 41. 13.  1.  2. 17.  0. 18. 28. 46.  0.  0.  0. 87. 68. 70. 52.
 35.  4.  7.  0. 16. 23. 22.  0. 47.  0.  0.  0. 69. 76. 75. 37. 39. 12.
  8. 15. 14. 30. 26.  0.  0.  0.  0.  0.  0. 77. 38.  0. 19. 57. 43. 58.
 31.  0. 27.  0.  0.  0.  0.  0.  0.  0.  0.  0. 40.  0.  0.  0.  0.  0.
  0.  0.  0.  0.  0.  0.  0.  0.  0.  0.  0.  0.  0.  0.  0.  0.  0.  0.
  0.  0.  0.  0.  0.  0.  0.  0.  0.  0.  0.  0.  0.  0.  0.  0.  0.  0.
  0.  0.  0.  0.  0.  0.  0.  0.  0.]