[ 0.  0.  0.  0.  0.  0.  0.  0.  0.  0.  0.  0.  0.  0.  0.  0.  0.  0.
  0.  0.  0.  0.  0.  0.  0.  0.  0.  0.  0.  0.  0.  0.  0.  0.  0.  0.
  0.  0.  0.  0.  0.  0.  0.  0.  0.  0.  0.  0.  0. 12.  0. 18.  0.  0.
  0.  0.  0.  0.  0.  0.  0.  0.  0.  0. 20. 11. 17. 19.  0.  0.  0.  0.
  0.  0.  0.  0.  0.  0.  0.  0.  5.  7. 22.  4.  0.  0.  0.  0.  0.  0.
  0.  0.  0.  6.  0. 16. 13.  3.  0.  0.  0.  0.  0.  0.  0.  0.  0.  0.
  0. 24. 23.  1. 21.  9. 25.  0.  0.  0.  0.  0.  0.  0.  0.  0.  0.  2.
 14. 15.  8. 10.  0.  0.  0.  0.  0.  0.  0.  0.  0.  0.  0.  0.  0.  0.
  0.  0.  0.  0.  0.  0.  0.  0.  0.  0.  0.  0.  0.  0.  0.  0.  0.  0.
  0.  0.  0.  0.  0.  0.  0.  0.  0.  0.  0.  0.  0.  0.  0.  0.  0.  0.
  0.  0.  0.  0.  0.  0.  0.  0.  0.  0.  0.  0.  0.  0.  0.  0.  0.  0.
  0.  0.  0.  0.  0.  0.  0.  0.  0.  0.  0.  0.  0.  0.  0.  0.  0.  0.
  0.  0.  0.  0.  0.  0.  0.  0.  0.]