[ 0.  0.  0.  0.  0.  0.  0.  0.  0.  0.  0.  0.  0.  0.  0.  0.  0.  0.
  0.  0.  0.  0.  0.  0.  0.  0.  0.  0.  0.  0.  0.  0.  0.  0.  0.  0.
  0.  0.  0.  0.  0.  0.  0.  0.  0.  0.  0.  0.  0.  0.  0.  0.  0.  0.
  0.  0.  0.  0.  0.  0.  0.  0.  0.  0.  0.  0.  0.  0.  0.  0.  0.  0.
  0.  0.  0.  0.  0.  0.  0.  0.  9. 11.  0.  0.  0.  0.  0.  0.  0.  0.
  0.  0.  0.  0.  0.  3.  7.  2.  0. 17.  0.  0.  0.  0.  0.  0.  0.  0.
  0.  0.  6.  1.  5.  8. 20.  0.  0.  0.  0.  0.  0.  0.  0.  0.  0. 13.
 12.  4. 10. 22. 26.  0.  0.  0.  0.  0.  0.  0.  0.  0.  0. 16. 18. 14.
 19.  0.  0.  0.  0.  0.  0.  0.  0.  0.  0.  0. 21. 23. 15. 24.  0.  0.
  0.  0.  0.  0.  0.  0.  0.  0.  0.  0. 25.  0.  0.  0.  0.  0.  0.  0.
  0.  0.  0.  0.  0.  0.  0.  0.  0.  0.  0.  0.  0.  0.  0.  0.  0.  0.
  0.  0.  0.  0.  0.  0.  0.  0.  0.  0.  0.  0.  0.  0.  0.  0.  0.  0.
  0.  0.  0.  0.  0.  0.  0.  0.  0.]