[ 0.  0.  0.  0.  0.  0.  0.  0.  0.  0.  0.  0.  0.  0.  0.  0.  0.  0.
  0.  0. 24.  0.  0. 14.  0. 16.  0.  0.  0.  0.  0.  0.  0.  0.  0. 20.
 19. 17. 13. 15. 18.  0.  0.  0.  0.  0.  0.  0.  0.  0. 29. 21. 23.  7.
 27. 28.  0.  0.  0.  0.  0.  0.  0.  0.  0.  8. 22.  3. 11. 10.  0.  0.
  0.  0.  0.  0.  0.  0.  0.  0.  0.  5.  4.  9. 25.  0.  0.  0.  0.  0.
  0.  0.  0.  0.  0.  6.  0.  1. 12.  2. 26.  0.  0.  0.  0.  0.  0.  0.
  0.  0.  0.  0.  0.  0.  0.  0.  0.  0.  0.  0.  0.  0.  0.  0.  0.  0.
  0.  0.  0.  0.  0.  0.  0.  0.  0.  0.  0.  0.  0.  0.  0.  0.  0.  0.
  0.  0.  0.  0.  0.  0.  0.  0.  0.  0.  0.  0.  0.  0.  0.  0.  0.  0.
  0.  0.  0.  0.  0.  0.  0.  0.  0.  0.  0.  0.  0.  0.  0.  0.  0.  0.
  0.  0.  0.  0.  0.  0.  0.  0.  0.  0.  0.  0.  0.  0.  0.  0.  0.  0.
  0.  0.  0.  0.  0.  0.  0.  0.  0.  0.  0.  0.  0.  0.  0.  0.  0.  0.
  0.  0.  0.  0.  0.  0.  0.  0.  0.]