[ 0.  0.  0.  0.  0.  0.  0.  0.  0.  0.  0.  0.  0.  0.  0.  0.  0.  0.
  0.  0.  0.  0.  0.  0.  0.  0.  0.  0.  0.  0.  0.  0.  0.  0.  0.  0.
  0.  0.  0.  0.  0.  0.  0.  0.  0.  0.  0.  0.  0.  0.  0.  0.  0.  0.
  0.  0.  0.  0.  0.  0.  0.  0.  0.  0.  0.  0.  0.  0.  0.  0.  0.  0.
  0.  0.  0.  0.  0.  0.  0. 13.  0. 16.  0.  0.  0.  0.  0.  0.  0.  0.
  0.  0.  0.  0.  0. 12.  0. 15.  0.  0.  0.  0.  0.  0.  0.  0.  0.  0.
  0. 24. 28. 10.  1.  9.  4.  0.  0.  0.  0.  0.  0.  0.  0.  0.  0. 14.
 23.  6.  2.  7.  0. 20.  0.  0.  0.  0.  0.  0.  0.  0.  0.  0.  5.  8.
  3. 17.  0.  0.  0.  0.  0.  0.  0.  0.  0.  0.  0.  0. 27. 11.  0. 18.
  0.  0.  0.  0.  0.  0.  0.  0.  0.  0.  0. 19. 25.  0.  0.  0.  0.  0.
  0.  0.  0.  0.  0.  0.  0. 21.  0. 26. 29.  0.  0.  0.  0.  0.  0.  0.
  0.  0.  0. 22.  0.  0.  0.  0.  0.  0.  0.  0.  0.  0.  0.  0.  0.  0.
  0.  0.  0.  0.  0.  0.  0.  0.  0.]