[ 0.  0.  0.  0.  0.  0.  0.  0.  0.  0.  0.  0.  0.  0.  0.  0.  0.  0.
  0.  0.  0.  0.  0.  0.  0.  0.  0.  0.  0.  0.  0.  0.  0.  0.  0.  0.
  0.  0.  0.  0.  0.  0.  0.  0.  0.  0.  0.  0.  0. 16. 14.  0.  0.  0.
  0.  0.  0.  0.  0.  0.  0.  0.  0.  0.  0. 13. 20.  0.  0.  0.  0.  0.
  0.  0.  0.  0.  0.  0.  0.  0. 11. 15.  2.  6.  0.  0.  0.  0.  0.  0.
  0.  0.  0.  0. 10.  9.  1.  5.  7.  8.  0.  0.  0.  0.  0.  0.  0.  0.
  0. 23.  3. 19. 21. 17. 22.  0.  0.  0.  0.  0.  0.  0.  0.  0.  4. 12.
  0.  0.  0. 18.  0.  0.  0.  0.  0.  0.  0.  0.  0.  0.  0.  0.  0.  0.
  0.  0.  0.  0.  0.  0.  0.  0.  0.  0.  0.  0.  0.  0.  0.  0.  0.  0.
  0.  0.  0.  0.  0.  0.  0.  0.  0.  0.  0.  0.  0.  0.  0.  0.  0.  0.
  0.  0.  0.  0.  0.  0.  0.  0.  0.  0.  0.  0.  0.  0.  0.  0.  0.  0.
  0.  0.  0.  0.  0.  0.  0.  0.  0.  0.  0.  0.  0.  0.  0.  0.  0.  0.
  0.  0.  0.  0.  0.  0.  0.  0.  0.]