[ 0.  0.  0.  0.  0.  0.  0.  0.  0.  0.  0.  0.  0.  0.  0.  0.  0.  0.
  0.  0.  0.  0.  0.  0.  0.  0.  0.  0.  0.  0.  0.  0.  0.  0.  0.  0.
  0.  0.  0.  0.  0.  0.  0.  0.  0.  0.  0.  0.  0.  0.  0.  0.  0.  0.
  0.  0.  0. 20.  0.  0.  0.  0.  0.  0.  0.  0.  0.  0.  0. 27. 16. 19.
  0.  0.  0.  0.  0.  0.  0.  0.  0.  0. 12. 24.  0. 15.  0.  0.  0.  0.
  0.  0.  0.  0.  0.  0.  0.  2.  3. 17. 13. 21. 22.  0.  0.  0.  0.  0.
  0.  0.  0.  8.  1.  5.  7.  9. 10.  0.  0.  0.  0.  0.  0.  0. 30. 28.
  4. 18.  6.  0. 11. 23.  0.  0.  0.  0.  0.  0.  0. 29.  0.  0.  0.  0.
  0. 14.  0. 25.  0.  0.  0.  0.  0.  0.  0.  0.  0.  0.  0.  0.  0.  0.
  0. 26.  0.  0.  0.  0.  0.  0.  0.  0.  0.  0.  0.  0.  0.  0.  0.  0.
  0.  0.  0.  0.  0.  0.  0.  0.  0.  0.  0.  0.  0.  0.  0.  0.  0.  0.
  0.  0.  0.  0.  0.  0.  0.  0.  0.  0.  0.  0.  0.  0.  0.  0.  0.  0.
  0.  0.  0.  0.  0.  0.  0.  0.  0.]