[ 0.  0.  0.  0.  0.  0.  0.  0.  0.  0.  0.  0.  0.  0.  0.  0.  0.  0.
  0.  0.  0.  0.  0.  0.  0.  0.  0.  0.  0.  0.  0.  0.  0.  0.  0.  0.
  0.  0.  0.  0.  0.  0.  0.  0.  0.  0.  0.  0.  0.  0.  0.  0.  0.  0.
 28.  0.  0.  0.  0.  0.  0.  0.  0. 13.  0.  0.  0.  0.  0. 27. 18.  0.
 31.  0.  0.  0.  0.  0.  0. 12.  6.  0.  0.  0. 17.  0. 29.  0.  0.  0.
  0.  0.  0.  0.  0. 10.  5. 24.  9. 21. 23. 25. 26.  0.  0.  0.  0.  0.
  0.  0.  0.  4.  1. 14. 19.  0.  0.  0.  0.  0.  0.  0.  0.  0.  0.  0.
 15.  2.  3. 22.  0.  0.  0.  0.  0.  0.  0.  0.  0.  0. 16. 20. 30. 11.
  7.  0.  0.  0.  0.  0.  0.  0.  0.  0.  0.  0.  0.  0.  0.  0.  8.  0.
  0.  0.  0.  0.  0.  0.  0.  0.  0.  0.  0.  0.  0.  0.  0.  0.  0.  0.
  0.  0.  0.  0.  0.  0.  0.  0.  0.  0.  0.  0.  0.  0.  0.  0.  0.  0.
  0.  0.  0.  0.  0.  0.  0.  0.  0.  0.  0.  0.  0.  0.  0.  0.  0.  0.
  0.  0.  0.  0.  0.  0.  0.  0.  0.]