[ 0.  0.  0.  0.  0.  0.  0.  0.  0.  0.  0.  0.  0.  0.  0.  0.  0.  0.
  0.  0.  0.  0.  0.  0.  0.  0.  0.  0.  0.  0.  0.  0.  0.  0.  0.  0.
  0.  0. 37.  0.  0.  0.  0.  0.  0.  0.  0.  0.  0.  0.  0.  0.  0.  0.
 36.  0.  0.  0.  0.  0.  0.  0.  0.  0.  0. 41.  0.  0.  0. 35. 12.  0.
  0.  0.  0.  0.  0.  0.  0.  0.  0. 40.  0. 23. 11.  0. 34.  0.  0.  0.
  0.  0.  0.  0.  0. 19. 13. 14.  3.  5. 33.  0. 38.  0.  0.  0.  0.  0.
  0.  0.  0. 18.  1.  2. 29.  0.  0.  0. 39.  0.  0.  0.  0.  0.  0. 22.
  9.  4. 15. 28.  0.  0.  0.  0.  0.  0.  0. 27. 26. 24. 10.  6. 17.  8.
 16. 42.  0.  0.  0.  0.  0.  0.  0. 25.  0.  7. 32.  0.  0. 20.  0.  0.
  0.  0.  0.  0.  0.  0.  0.  0.  0.  0.  0.  0. 30. 21.  0.  0.  0.  0.
  0.  0.  0.  0.  0.  0.  0.  0.  0. 31.  0.  0.  0.  0.  0.  0.  0.  0.
  0.  0.  0.  0.  0.  0.  0.  0.  0.  0.  0.  0.  0.  0.  0.  0.  0.  0.
  0.  0.  0.  0.  0.  0.  0.  0.  0.]