[ 0.  0.  0.  0.  0.  0.  0.  0.  0.  0.  0.  0.  0.  0.  0.  0.  0.  0.
  0.  0.  0.  0.  0.  0.  0.  0.  0.  0.  0.  0.  0.  0.  0.  0.  0.  0.
  0.  0.  0.  0.  0.  0.  0.  0.  0.  0.  0.  0.  0. 26.  0.  0.  0. 19.
  0.  0.  0.  0.  0.  0.  0.  0.  0. 21. 24. 15.  9. 18.  0.  0.  0.  0.
  0.  0.  0.  0.  0.  0.  0. 20.  0.  8.  0.  0.  0.  0.  0.  0.  0.  0.
  0.  0.  0. 23. 22. 12.  4. 10. 13.  0.  0.  0.  0.  0.  0.  0.  0.  0.
  0. 16.  5.  6.  1. 14.  0.  0.  0.  0.  0.  0.  0.  0.  0. 17. 25. 11.
  2.  0.  3.  0.  0.  0.  0.  0.  0.  0.  0.  0.  0.  0.  0.  7.  0.  0.
  0.  0.  0.  0.  0.  0.  0.  0.  0.  0.  0.  0.  0.  0.  0.  0.  0.  0.
  0.  0.  0.  0.  0.  0.  0.  0.  0.  0.  0.  0.  0.  0.  0.  0.  0.  0.
  0.  0.  0.  0.  0.  0.  0.  0.  0.  0.  0.  0.  0.  0.  0.  0.  0.  0.
  0.  0.  0.  0.  0.  0.  0.  0.  0.  0.  0.  0.  0.  0.  0.  0.  0.  0.
  0.  0.  0.  0.  0.  0.  0.  0.  0.]