[ 0.  0.  0.  0.  0.  0.  0.  0.  0.  0.  0.  0.  0.  0.  0.  0.  0.  0.
  0.  0.  0.  0.  0.  0.  0.  0.  0.  0.  0.  0.  0.  0.  0.  0.  0.  0.
  0.  0.  0.  0. 71.  0.  0.  0.  0.  0.  0.  0.  0. 58.  0. 39. 26. 38.
 22. 40. 41.  0.  0.  0.  0.  0.  0.  9.  0.  0.  0. 25. 21.  0. 54.  0.
  0.  0.  0.  0. 60. 19. 18.  8. 12. 16. 17. 42. 53. 70.  0.  0.  0.  0.
 64. 57. 63. 33. 27.  6.  5.  3. 51. 55. 56.  0.  0.  0.  0.  0. 59.  0.
  0. 24. 15.  2.  1.  0. 44. 72.  0.  0.  0.  0.  0. 31. 30. 28. 20. 10.
 23.  4. 11. 43.  0. 48.  0.  0.  0.  0. 61. 29.  0.  0. 52. 32.  0.  7.
 13. 47.  0.  0.  0.  0.  0. 62.  0.  0.  0.  0. 69. 34. 36. 37. 14.  0.
  0.  0.  0.  0.  0.  0.  0.  0.  0. 66. 65. 35. 45. 67. 68.  0.  0.  0.
  0.  0.  0.  0.  0.  0.  0. 49.  0. 46.  0.  0.  0.  0.  0.  0.  0.  0.
  0.  0.  0. 50.  0.  0.  0.  0.  0.  0.  0.  0.  0.  0.  0.  0.  0.  0.
  0.  0.  0.  0.  0.  0.  0.  0.  0.]