[ 0.  0.  0.  0.  0.  0.  0.  0.  0.  0.  0.  0.  0.  0.  0.  0.  0.  0.
  0.  0.  0.  0.  0.  0.  0.  0.  0.  0.  0.  0.  0.  0.  0.  0.  0.  0.
  0. 56.  0.  0.  0.  0.  0.  0.  0.  0.  0.  0. 49. 48. 46. 36. 34. 47.
  0. 54.  0.  0.  0.  0.  0.  0.  0.  0.  0. 32. 35. 33. 28. 53.  0.  0.
  0.  0.  0.  0.  0.  0.  0. 58.  0. 31. 27. 51. 52. 55.  0.  0.  0.  0.
  0.  0.  0. 60.  0. 50. 25. 29.  0. 59. 37. 57.  0.  0.  0.  0.  0.  0.
  0. 24. 23. 11.  1. 21. 22. 18. 39.  0.  0.  0.  0.  0.  0.  0.  7.  6.
  2.  4. 12. 13. 38.  0.  0.  0.  0.  0.  0.  0. 26. 10.  3.  9.  5. 15.
 16. 30.  0.  0.  0.  0.  0.  0.  0.  0.  0.  0.  8. 17. 14.  0. 42.  0.
  0.  0.  0.  0.  0.  0.  0.  0.  0. 19. 40.  0.  0. 43. 44.  0.  0.  0.
  0.  0.  0.  0.  0. 20. 41.  0.  0.  0.  0.  0. 45.  0.  0.  0.  0.  0.
  0.  0.  0.  0.  0.  0.  0.  0.  0.  0.  0.  0.  0.  0.  0.  0.  0.  0.
  0.  0.  0.  0.  0.  0.  0.  0.  0.]