[ 0.  0.  0.  0.  0.  0.  0.  0.  0.  0.  0.  0.  0.  0.  0.  0.  0.  0.
  0.  0.  0.  0.  0.  0.  0.  0.  0.  0.  0.  0.  0.  0.  0.  0.  0.  0.
  0.  0.  0.  0.  0.  0.  0.  0.  0.  0.  0.  0.  0.  0.  0.  0.  0. 16.
  0.  0.  0.  0.  0.  0.  0.  0.  0.  0.  0.  0.  0.  0. 15.  0.  0.  0.
  0.  0.  0.  0.  0.  0.  0.  0.  0.  0.  0.  9.  0.  0.  0.  0.  0.  0.
  0.  0.  0. 31. 21.  0.  5.  6.  3. 17.  0.  0.  0.  0.  0.  0.  0.  0.
  0. 30. 20.  8.  1.  7.  0.  0.  0.  0.  0.  0.  0.  0.  0.  0.  0. 10.
  4. 11.  2.  0.  0.  0.  0.  0.  0.  0.  0.  0.  0. 12. 19. 14. 18.  0.
  0.  0.  0.  0.  0.  0.  0.  0.  0. 13.  0. 27. 24. 26. 22. 28. 29.  0.
  0.  0.  0.  0.  0.  0.  0.  0.  0. 25.  0. 32. 23.  0.  0.  0.  0.  0.
  0.  0.  0.  0.  0.  0.  0.  0.  0.  0.  0.  0.  0.  0.  0.  0.  0.  0.
  0.  0.  0.  0.  0.  0.  0.  0.  0.  0.  0.  0.  0.  0.  0.  0.  0.  0.
  0.  0.  0.  0.  0.  0.  0.  0.  0.]