[ 0.  0.  0.  0.  0.  0.  0.  0.  0.  0.  0.  0.  0.  0.  0.  0.  0.  0.
  0.  0.  0.  0.  0.  0.  0.  0.  0.  0.  0.  0.  0.  0.  0.  0.  0.  0.
  0.  0.  0.  0.  0.  0.  0.  0.  0.  0.  0.  0.  0.  0.  0.  0.  0.  0.
  0.  0.  0.  0.  0.  0.  0.  0.  0.  0.  0. 17.  0.  0.  0.  0.  0.  0.
  0.  0.  0.  0.  0.  0.  0.  0.  0. 12.  0.  0.  0.  0.  0.  0.  0.  0.
  0.  0.  0.  0.  0.  3.  6.  8. 10.  0.  0.  0.  0.  0.  0.  0.  0.  0.
  0. 13.  2.  1.  9. 14.  0. 24.  0.  0.  0.  0.  0.  0.  0.  0.  7. 15.
  5.  4.  0. 18.  0.  0.  0.  0.  0.  0.  0.  0.  0.  0.  0. 11.  0. 20.
  0. 19.  0.  0.  0.  0.  0.  0.  0.  0.  0.  0. 21. 16.  0.  0.  0.  0.
  0.  0.  0.  0.  0.  0.  0.  0.  0. 22.  0.  0.  0.  0.  0.  0.  0.  0.
  0.  0.  0.  0.  0. 23.  0.  0.  0.  0.  0.  0.  0.  0.  0.  0.  0.  0.
  0.  0.  0.  0.  0.  0.  0.  0.  0.  0.  0.  0.  0.  0.  0.  0.  0.  0.
  0.  0.  0.  0.  0.  0.  0.  0.  0.]