[ 0.  0.  0.  0.  0.  0.  0.  0.  0.  0. 36.  0.  0.  0.  0.  0.  0.  0.
  0.  0.  0.  0.  0.  0. 35.  0.  0.  0.  0.  0.  0.  0.  0.  0.  0.  0.
  0.  0. 33.  0. 17.  0.  0.  0.  0.  0.  0.  0.  0.  0.  0.  0. 27. 32.
 16.  0.  0.  0.  0.  0.  0.  0. 22.  0.  0.  0. 11.  0. 14.  0.  0. 51.
  0.  0.  0.  0.  0.  0. 21.  0. 34. 31. 10. 30. 26. 47. 25.  0. 45.  0.
  0.  0.  0.  0. 19.  0.  8.  9.  4. 41. 24.  0. 44.  0. 40.  0.  0.  0.
  0. 18. 15.  7.  1.  5.  6. 46. 28.  0. 39.  0.  0.  0.  0.  0.  0.  0.
  3. 49.  2. 48. 12.  0. 29.  0.  0.  0.  0.  0.  0.  0.  0. 50. 20.  0.
 42.  0. 13.  0.  0.  0.  0.  0.  0.  0.  0.  0. 23.  0. 43.  0. 37.  0.
  0.  0.  0.  0.  0.  0.  0.  0.  0.  0.  0.  0. 38.  0.  0.  0.  0.  0.
  0.  0.  0.  0.  0.  0.  0.  0.  0.  0.  0.  0.  0.  0.  0.  0.  0.  0.
  0.  0.  0.  0.  0.  0.  0.  0.  0.  0.  0.  0.  0.  0.  0.  0.  0.  0.
  0.  0.  0.  0.  0.  0.  0.  0.  0.]