[ 0.  0.  0.  0.  0.  0.  0.  0.  0.  0.  0.  0.  0.  0.  0.  0.  0.  0.
  0.  0.  0.  0.  0.  0.  0.  0.  0.  0.  0.  0.  0.  0.  0.  0.  0.  0.
  0. 35.  0.  0.  0.  0.  0.  0.  0.  0.  0.  0.  0. 19.  0.  0.  0. 34.
 33.  0.  0.  0.  0.  0.  0.  0.  0.  0.  0. 18.  0.  0.  0. 30.  0. 15.
  0.  0.  0.  0.  0.  0.  0.  0.  0. 16. 29. 39. 32. 14. 38. 40. 41.  0.
  0.  0.  0.  0.  0. 11.  4. 10.  6. 12. 13. 36.  0.  0.  0.  0.  0.  0.
 47.  0. 26.  7.  1.  2. 20.  0.  0. 37.  0.  0.  0.  0.  0.  0. 45.  0.
  5.  8.  3. 17.  0.  0.  0.  0.  0.  0.  0.  0.  0. 44. 43.  9. 25.  0.
 42.  0.  0.  0.  0.  0.  0.  0.  0.  0.  0.  0. 21. 24. 23.  0.  0.  0.
  0.  0.  0.  0.  0.  0.  0.  0.  0. 22. 31.  0. 27.  0.  0.  0.  0.  0.
  0.  0.  0.  0.  0.  0.  0.  0. 46.  0. 28.  0.  0.  0.  0.  0.  0.  0.
  0.  0.  0.  0.  0.  0.  0.  0.  0.  0.  0.  0.  0.  0.  0.  0.  0.  0.
  0.  0.  0.  0.  0.  0.  0.  0.  0.]