[ 0.  0.  0.  0.  0.  0.  0.  0.  0.  0.  0.  0.  0.  0.  0.  0.  0.  0.
  0.  0.  0.  0.  0.  0.  0.  0.  0.  0.  0.  0.  0.  0.  0.  0.  0.  0.
  0.  0.  0.  0.  0.  0.  0.  0.  0.  0.  0.  0.  0.  0.  0.  0.  0.  0.
  0.  0.  0.  0.  0.  0.  0.  0.  0.  0.  0.  0.  0.  0.  0. 18.  0.  0.
  0.  0.  0.  0.  0.  0.  0.  0. 10.  0.  0. 17.  0.  0.  0.  0.  0.  0.
  0.  0.  0. 14. 13.  9. 11. 15. 16.  0.  0.  0.  0.  0.  0.  0.  0.  0.
  0.  6.  5.  3.  1.  0.  0.  0.  0.  0.  0.  0.  0.  0.  0.  0. 12.  7.
  2.  4.  0.  0.  0.  0.  0.  0.  0.  0.  0.  0.  0. 19.  8.  0.  0.  0.
  0.  0.  0.  0.  0.  0.  0.  0.  0.  0.  0.  0.  0.  0.  0.  0.  0.  0.
  0.  0.  0.  0.  0.  0.  0.  0.  0.  0.  0.  0.  0.  0.  0.  0.  0.  0.
  0.  0.  0.  0.  0.  0.  0.  0.  0.  0.  0.  0.  0.  0.  0.  0.  0.  0.
  0.  0.  0.  0.  0.  0.  0.  0.  0.  0.  0.  0.  0.  0.  0.  0.  0.  0.
  0.  0.  0.  0.  0.  0.  0.  0.  0.]