[ 0.  0.  0.  0.  0.  0.  0.  0.  0.  0.  0.  0.  0.  0.  0.  0.  0.  0.
  0.  0.  0.  0.  0.  0.  0.  0.  0.  0.  0.  0.  0.  0.  0.  0.  0.  0.
  0.  0.  0.  0.  0.  0.  0.  0.  0.  0.  0.  0.  0.  0.  0.  0.  0.  0.
  0.  0.  0.  0.  0.  0.  0.  0.  0.  0.  0.  0. 34.  0.  0.  0.  0.  0.
  0.  0.  0.  0.  0.  0.  0.  0.  6. 19. 26.  0.  0.  0. 30.  0.  0.  0.
  0.  0.  0.  0. 37.  0.  5. 18. 17. 11. 29. 31. 32.  0.  0.  0.  0.  0.
 36. 35. 23. 33.  1.  4. 15.  0.  0.  0.  0.  0.  0.  0.  0.  0.  0. 14.
  9.  2.  3. 16.  0.  0.  0.  0.  0.  0.  0.  0.  0.  0. 22. 10. 27.  0.
  7. 20.  0.  0.  0.  0.  0.  0.  0.  0.  0. 12. 28. 38. 39.  0.  8. 21.
  0.  0.  0.  0.  0.  0.  0. 13. 24.  0.  0.  0.  0.  0.  0.  0.  0.  0.
  0.  0.  0.  0.  0. 25.  0.  0.  0.  0.  0.  0.  0.  0.  0.  0.  0.  0.
  0.  0.  0.  0.  0.  0.  0.  0.  0.  0.  0.  0.  0.  0.  0.  0.  0.  0.
  0.  0.  0.  0.  0.  0.  0.  0.  0.]