[ 0.  0.  0.  0.  0.  0.  0.  0.  0.  0.  0.  0.  0.  0.  0.  0.  0.  0.
  0.  0.  0.  0.  0.  0.  0.  0.  0.  0.  0.  0.  0.  0.  0.  0.  0.  0.
  0.  0. 21.  0.  0.  0.  0.  0.  0.  0.  0.  0. 10. 15. 16.  0. 19.  0.
  0.  0.  0.  0.  0.  0.  0.  0.  0.  0.  9. 14. 13.  0.  0.  0.  0.  0.
  0.  0.  0.  0.  0.  0.  0. 18.  5. 12.  3. 11.  0.  0.  0.  0.  0.  0.
  0.  0.  0.  0. 17.  0.  1.  2.  0.  0.  0.  0.  0.  0.  0.  0.  0.  0.
 20.  0.  6.  4.  7.  0.  0.  0.  0.  0.  0.  0.  0.  0.  0.  0.  0.  0.
  0.  0.  8.  0.  0.  0.  0.  0.  0.  0.  0.  0.  0.  0.  0.  0.  0.  0.
  0.  0.  0.  0.  0.  0.  0.  0.  0.  0.  0.  0.  0.  0.  0.  0.  0.  0.
  0.  0.  0.  0.  0.  0.  0.  0.  0.  0.  0.  0.  0.  0.  0.  0.  0.  0.
  0.  0.  0.  0.  0.  0.  0.  0.  0.  0.  0.  0.  0.  0.  0.  0.  0.  0.
  0.  0.  0.  0.  0.  0.  0.  0.  0.  0.  0.  0.  0.  0.  0.  0.  0.  0.
  0.  0.  0.  0.  0.  0.  0.  0.  0.]