[ 0.  0.  0.  0.  0.  0.  0.  0.  0.  0.  0.  0.  0.  0.  0.  0.  0.  0.
  0.  0.  0.  0.  0.  0.  0.  0.  0.  0.  0.  0.  0.  0.  0.  0.  0.  0.
  0.  0.  0.  0.  0.  0.  0.  0.  0.  0.  0.  0.  0.  0.  0.  0.  0.  0.
  0.  0.  0.  0.  0.  0.  0.  0.  0.  0.  0.  0.  0.  0.  0.  0.  0.  0.
  0.  0.  0.  0.  0.  0. 11.  0.  9. 24.  0. 19.  0.  0.  0.  0.  0.  0.
  0.  0.  0.  0. 10.  0.  5.  8. 18.  0.  0.  0.  0.  0.  0.  0.  0.  0.
  0.  0.  4.  3.  1. 16. 15.  0.  0.  0.  0.  0.  0.  0.  0.  0.  0.  7.
  6.  2. 14. 20. 21.  0.  0.  0.  0.  0.  0.  0.  0.  0.  0. 17. 12.  0.
  0. 22.  0.  0.  0.  0.  0.  0.  0.  0.  0.  0.  0.  0. 13.  0.  0. 23.
  0.  0.  0.  0.  0.  0.  0.  0.  0.  0.  0.  0.  0.  0.  0.  0.  0.  0.
  0.  0.  0.  0.  0.  0.  0.  0.  0.  0.  0.  0.  0.  0.  0.  0.  0.  0.
  0.  0.  0.  0.  0.  0.  0.  0.  0.  0.  0.  0.  0.  0.  0.  0.  0.  0.
  0.  0.  0.  0.  0.  0.  0.  0.  0.]