[ 0.  0.  0.  0.  0.  0.  0.  0.  0.  0.  0.  0.  0.  0.  0.  0.  0.  0.
  0.  0.  0.  0.  0.  0.  0.  0.  0.  0.  0.  0.  0.  0.  0.  0.  0.  0.
  0.  0.  0.  0.  0.  0.  0.  0.  0.  0.  0. 22.  0.  0.  0.  0.  0.  0.
  0.  0.  0.  0.  0.  0.  0.  0. 31. 19. 20. 24.  0. 14.  0.  0.  0.  0.
  0.  0.  0.  0.  0. 25.  0. 17.  0.  0. 13. 12.  0.  0.  0.  0.  0.  0.
  0. 28. 27. 21.  9. 15. 16. 11.  0.  0.  0.  0.  0.  0.  0.  0.  0. 23.
  0. 26.  6.  5.  1.  8.  0.  0.  0.  0.  0.  0.  0.  0. 29.  0.  0.  7.
  2. 18.  0.  0.  0.  0.  0.  0.  0.  0.  0. 30.  0. 10.  3.  0.  4.  0.
  0.  0.  0.  0.  0.  0.  0.  0.  0.  0.  0.  0.  0.  0.  0.  0.  0.  0.
  0.  0.  0.  0.  0.  0.  0.  0.  0.  0.  0.  0.  0.  0.  0.  0.  0.  0.
  0.  0.  0.  0.  0.  0.  0.  0.  0.  0.  0.  0.  0.  0.  0.  0.  0.  0.
  0.  0.  0.  0.  0.  0.  0.  0.  0.  0.  0.  0.  0.  0.  0.  0.  0.  0.
  0.  0.  0.  0.  0.  0.  0.  0.  0.]