[ 0.  0.  0.  0.  0.  0.  0.  0.  0.  0.  0.  0.  0.  0.  0.  0.  0.  0.
  0.  0.  0.  0.  0.  0.  0.  0.  0.  0.  0.  0.  0.  0.  0.  0.  0.  0.
  0.  0.  0.  0. 19.  0.  0.  0.  0.  0.  0.  0.  0.  0.  0.  0. 12.  0.
  0. 15.  0.  0.  0.  0.  0.  0.  0.  0.  0.  0.  0.  0. 11.  0. 17.  0.
  0.  0.  0.  0.  0.  0.  0.  0.  0.  0.  8.  7.  3.  5.  9. 10.  0.  0.
  0.  0.  0.  0.  0.  0.  0. 16.  6.  2.  1.  0.  0.  0.  0.  0.  0.  0.
  0.  0.  0.  0.  0.  4.  0. 18. 13.  0.  0.  0.  0.  0.  0.  0.  0.  0.
  0.  0.  0.  0.  0.  0. 14.  0.  0.  0.  0.  0.  0.  0.  0.  0.  0.  0.
  0.  0.  0.  0.  0.  0.  0.  0.  0.  0.  0.  0.  0.  0.  0.  0.  0.  0.
  0.  0.  0.  0.  0.  0.  0.  0.  0.  0.  0.  0.  0.  0.  0.  0.  0.  0.
  0.  0.  0.  0.  0.  0.  0.  0.  0.  0.  0.  0.  0.  0.  0.  0.  0.  0.
  0.  0.  0.  0.  0.  0.  0.  0.  0.  0.  0.  0.  0.  0.  0.  0.  0.  0.
  0.  0.  0.  0.  0.  0.  0.  0.  0.]