[ 0.  0.  0.  0.  0.  0.  0.  0.  0.  0.  0.  0.  0.  0.  0.  0.  0.  0.
  0.  0.  0.  0.  0.  0.  0.  0.  0.  0.  0.  0.  0.  0.  0.  0.  0.  0.
  0.  0. 29.  0.  0.  0.  0.  0.  0.  0.  0.  0.  0.  0.  0.  0. 26.  0.
  0.  0.  0.  0.  0.  0.  0.  0.  0.  0.  0.  0. 18. 25.  0. 14.  8.  0.
  0.  0.  0.  0.  0.  0.  0.  0.  4.  0. 17.  0.  7.  0.  0.  0.  0.  0.
  0.  0.  0.  0. 28. 10.  3.  9.  5. 11. 12.  0.  0.  0.  0.  0.  0.  0.
 30.  0.  0.  2.  1. 23. 13. 19. 24.  0.  0.  0.  0.  0.  0.  0.  0.  0.
  6. 20.  0. 15. 21.  0.  0.  0.  0.  0.  0.  0.  0.  0.  0.  0.  0. 27.
 16.  0. 22.  0.  0.  0.  0.  0.  0.  0.  0.  0.  0.  0.  0.  0.  0.  0.
  0.  0.  0.  0.  0.  0.  0.  0.  0.  0.  0.  0.  0.  0.  0.  0.  0.  0.
  0.  0.  0.  0.  0.  0.  0.  0.  0.  0.  0.  0.  0.  0.  0.  0.  0.  0.
  0.  0.  0.  0.  0.  0.  0.  0.  0.  0.  0.  0.  0.  0.  0.  0.  0.  0.
  0.  0.  0.  0.  0.  0.  0.  0.  0.]