[ 0.  0.  0.  0.  0.  0.  0.  0.  0.  0.  0.  0.  0.  0.  0.  0.  0.  0.
  0.  0.  0.  0.  0.  0.  0.  0.  0.  0.  0.  0.  0.  0.  0.  0.  0.  0.
  0.  0.  0.  0.  0.  0.  0.  0.  0.  0.  0.  0.  0.  0.  0.  0.  0.  0.
  0.  0.  0.  0.  0.  0.  0.  0.  0.  0.  0. 11.  0.  0.  0.  0.  0.  0.
  0.  0.  0.  0.  0.  0.  0.  0.  5. 10.  0.  4. 18.  0.  0.  0.  0.  0.
  0.  0.  0.  0.  0.  0.  1.  2.  9.  0.  0.  0.  0.  0.  0.  0.  0.  0.
  0.  0. 24.  7.  3.  8.  0.  0.  0. 20.  0.  0.  0.  0.  0.  0.  0.  0.
 15. 14.  6. 12. 16. 17.  0.  0.  0.  0.  0.  0. 29. 27. 25. 21. 23. 28.
  0. 13.  0.  0.  0.  0.  0.  0.  0.  0. 26.  0. 22.  0.  0. 19.  0.  0.
  0.  0.  0.  0.  0.  0.  0.  0.  0.  0.  0.  0.  0.  0.  0.  0.  0.  0.
  0.  0.  0.  0.  0.  0.  0.  0.  0.  0.  0.  0.  0.  0.  0.  0.  0.  0.
  0.  0.  0.  0.  0.  0.  0.  0.  0.  0.  0.  0.  0.  0.  0.  0.  0.  0.
  0.  0.  0.  0.  0.  0.  0.  0.  0.]