[ 0.  0.  0.  0.  0.  0.  0.  0.  0.  0.  0.  0.  0.  0.  0.  0.  0.  0.
  0.  0.  0.  0.  0.  0.  0.  0.  0.  0.  0.  0.  0.  0.  0.  0.  0.  0.
  0.  0.  0.  0.  0.  0.  0.  0.  0.  0.  0.  0. 18.  0. 25.  0.  0.  0.
  0.  0.  0.  0.  0.  0.  0.  0. 22. 21. 17. 19. 11. 20.  0.  0.  0.  0.
  0.  0.  0.  0.  0.  0.  0.  0. 15. 14. 10.  0.  0.  0.  0.  0.  0.  0.
  0.  0.  0.  0.  0. 23.  9.  2.  4.  0.  0.  0.  0.  0.  0.  0.  0.  0.
  0.  8.  7.  5.  1.  3.  6.  0.  0.  0.  0.  0.  0.  0.  0.  0.  0. 24.
  0.  0. 16.  0. 12.  0.  0.  0.  0.  0.  0.  0.  0.  0.  0.  0.  0.  0.
  0.  0. 13.  0.  0.  0.  0.  0.  0.  0.  0.  0.  0.  0.  0.  0.  0.  0.
  0.  0.  0.  0.  0.  0.  0.  0.  0.  0.  0.  0.  0.  0.  0.  0.  0.  0.
  0.  0.  0.  0.  0.  0.  0.  0.  0.  0.  0.  0.  0.  0.  0.  0.  0.  0.
  0.  0.  0.  0.  0.  0.  0.  0.  0.  0.  0.  0.  0.  0.  0.  0.  0.  0.
  0.  0.  0.  0.  0.  0.  0.  0.  0.]