[ 0.  0.  0.  0.  0.  0.  0.  0.  0.  0.  0.  0.  0.  0.  0.  0.  0.  0.
  0.  0.  0.  0.  0.  0.  0.  0.  0.  0.  0.  0.  0.  0.  0.  0.  0.  0.
  0.  0.  0.  0.  0.  0.  0.  0.  0.  0.  0.  0.  0.  0.  0.  0.  0.  0.
  0.  0.  0.  0.  0.  0.  0.  0.  0.  0.  0.  0.  0.  0.  0.  0.  0.  0.
 23.  0.  0.  0.  0.  0.  0.  8.  0.  0.  0.  0.  0.  0. 22.  0.  0.  0.
  0.  0.  0.  0. 31.  5.  4.  2. 17. 14. 16.  0.  0.  0.  0.  0.  0.  0.
  0. 28. 27.  3.  1. 11. 12.  0.  0.  0.  0.  0.  0.  0.  0.  0.  0.  6.
 19.  7. 18. 15.  0.  0.  0.  0.  0.  0.  0.  0.  0.  0. 20. 13. 21.  9.
  0.  0.  0.  0.  0.  0.  0.  0.  0.  0.  0. 24. 25.  0. 29. 10.  0.  0.
  0.  0.  0.  0.  0.  0.  0.  0.  0. 26.  0.  0. 30.  0.  0.  0.  0.  0.
  0.  0.  0.  0.  0.  0.  0.  0.  0.  0.  0.  0.  0.  0.  0.  0.  0.  0.
  0.  0.  0.  0.  0.  0.  0.  0.  0.  0.  0.  0.  0.  0.  0.  0.  0.  0.
  0.  0.  0.  0.  0.  0.  0.  0.  0.]