[ 0.  0.  0.  0.  0.  0.  0.  0.  0.  0.  0.  0.  0.  0.  0.  0.  0.  0.
  0.  0.  0.  0.  0.  0.  0.  0.  0.  0.  0.  0.  0.  0.  0.  0.  0.  0.
  0.  0.  0.  0.  0.  0.  0.  0.  0.  0.  0.  0.  0.  0.  0.  0.  0.  0.
  0.  0.  0.  0.  0.  0.  0.  0.  0.  0.  0.  0.  0.  0.  0.  0.  0. 21.
 17.  0.  0.  0.  0.  0.  0.  0.  0.  0.  5.  0.  0. 11. 16.  0.  0.  0.
  0.  0.  0.  0.  0.  0.  0.  0.  2.  9.  8. 22.  0.  0.  0.  0.  0.  0.
  0.  0.  0.  0.  1.  3.  4. 10. 20.  0.  0.  0.  0.  0.  0.  0.  0.  0.
  0. 23. 14. 19.  6. 18.  0.  0.  0.  0.  0.  0.  0.  0.  0.  0. 15.  0.
  0. 12.  7.  0.  0.  0.  0.  0.  0.  0.  0.  0.  0.  0.  0.  0. 13.  0.
  0.  0.  0.  0.  0.  0.  0.  0.  0.  0.  0.  0.  0.  0.  0.  0.  0.  0.
  0.  0.  0.  0.  0.  0.  0.  0.  0.  0.  0.  0.  0.  0.  0.  0.  0.  0.
  0.  0.  0.  0.  0.  0.  0.  0.  0.  0.  0.  0.  0.  0.  0.  0.  0.  0.
  0.  0.  0.  0.  0.  0.  0.  0.  0.]