[ 0.  0.  0.  0.  0.  0.  0.  0.  0.  0.  0.  0.  0.  0.  0.  0.  0.  0.
  0.  0.  0. 31.  0.  0.  0.  0.  0.  0.  0.  0.  0.  0.  0.  0.  0.  0.
 30.  0.  0.  0.  0.  0.  0.  0.  0.  0.  0.  0.  0.  0.  0. 24.  0.  0.
  0.  0.  0.  0.  0.  0.  0.  0.  0.  0.  0.  0. 18. 23. 32. 40.  0.  0.
  0. 36.  0.  0.  0.  0.  0.  0.  0. 28. 17. 21. 39. 12.  0. 35.  0.  0.
  0.  0.  0.  0.  0.  0. 29.  8.  3. 11. 37. 25. 38.  0.  0.  0.  0.  0.
  0.  0.  0. 14.  1.  9. 13. 15. 16.  0.  0.  0.  0.  0.  0.  0.  0.  0.
  4.  5.  2. 33. 19. 22.  0.  0.  0.  0.  0.  0.  0.  0.  0.  7.  6. 34.
 41.  0. 20.  0.  0.  0.  0.  0.  0.  0.  0. 10.  0.  0.  0.  0.  0. 26.
  0.  0.  0.  0.  0.  0.  0.  0.  0.  0.  0.  0.  0.  0. 27.  0.  0.  0.
  0.  0.  0.  0.  0.  0.  0.  0.  0.  0.  0.  0.  0.  0.  0.  0.  0.  0.
  0.  0.  0.  0.  0.  0.  0.  0.  0.  0.  0.  0.  0.  0.  0.  0.  0.  0.
  0.  0.  0.  0.  0.  0.  0.  0.  0.]