[ 0.  0.  0.  0.  0.  0.  0.  0.  0.  0.  0.  0.  0.  0.  0.  0.  0.  0.
  0.  0.  0.  0.  0.  0.  0.  0.  0.  0.  0.  0.  0.  0.  0.  0.  0.  0.
  0.  0.  0.  0.  0.  0.  0.  0.  0.  0.  0.  0.  0.  0.  0.  0.  8. 10.
  0.  0.  0.  0.  0.  0.  0.  0.  0.  0.  0. 21.  0.  7.  0.  0.  0.  0.
  0.  0.  0.  0.  0.  0.  0.  0.  0.  9.  5.  0.  0.  0.  0.  0.  0.  0.
  0.  0.  0.  0.  0. 11.  2.  3. 16.  0.  0.  0.  0.  0.  0.  0.  0.  0.
  0. 12. 13.  4.  1. 17.  0.  0.  0.  0.  0.  0.  0.  0.  0.  0.  0. 14.
 15.  6. 18. 19.  0.  0.  0.  0.  0.  0.  0.  0.  0.  0.  0.  0.  0.  0.
  0. 20.  0.  0.  0.  0.  0.  0.  0.  0.  0.  0.  0.  0.  0.  0.  0.  0.
  0.  0.  0.  0.  0.  0.  0.  0.  0.  0.  0.  0.  0.  0.  0.  0.  0.  0.
  0.  0.  0.  0.  0.  0.  0.  0.  0.  0.  0.  0.  0.  0.  0.  0.  0.  0.
  0.  0.  0.  0.  0.  0.  0.  0.  0.  0.  0.  0.  0.  0.  0.  0.  0.  0.
  0.  0.  0.  0.  0.  0.  0.  0.  0.]