[ 0.  0.  0.  0.  0.  0.  0.  0.  0.  0.  0.  0.  0.  0.  0.  0.  0.  0.
  0.  0.  0.  0.  0.  0.  0.  0.  0.  0.  0.  0.  0.  0.  0.  0.  0.  0.
  0.  0.  0.  0.  0.  0.  0.  0.  0.  0.  0.  0.  0.  0.  0.  0.  0.  0.
  0.  0.  0.  0.  0.  0.  0. 41. 43.  0. 37. 39.  0.  0.  0. 13.  0.  0.
  0.  0.  0.  0.  0. 40. 35. 36.  0.  7.  0. 12.  0.  0.  0.  0.  0.  0.
  0.  0. 42. 24. 34. 19.  4.  8.  9.  0.  0.  0.  0.  0.  0.  0.  0. 38.
 23. 22. 16.  6.  1.  0.  0.  0.  0.  0.  0.  0.  0.  0. 28. 15. 14. 10.
  2.  0.  3.  0.  0.  0.  0.  0.  0.  0.  0. 44. 17. 11. 18.  5. 32.  0.
  0.  0.  0.  0.  0.  0.  0.  0.  0. 25. 27. 20. 31.  0. 33.  0.  0.  0.
  0.  0.  0.  0.  0.  0. 26.  0. 21.  0.  0.  0.  0.  0.  0.  0.  0.  0.
  0.  0.  0.  0.  0.  0. 29.  0.  0.  0.  0.  0.  0.  0.  0.  0.  0.  0.
  0.  0.  0.  0. 30.  0.  0.  0.  0.  0.  0.  0.  0.  0.  0.  0.  0.  0.
  0.  0.  0.  0.  0.  0.  0.  0.  0.]