[ 0.  0.  0.  0.  0.  0.  0.  0.  0.  0.  0.  0.  0.  0.  0.  0.  0.  0.
  0.  0.  0.  0.  0.  0.  0.  0.  0.  0.  0.  0.  0.  0.  0.  0.  0.  0.
  0.  0.  0.  0.  0.  0.  0.  0.  0.  0.  0.  0.  0.  0.  0.  0.  0.  0.
  0.  0.  0.  0.  0.  0.  0.  0.  0.  0.  0.  0.  0.  0.  0.  0.  0.  0.
  0.  0.  0.  0.  0.  0.  0.  0. 16.  0.  0. 25.  0.  0.  0.  0.  0.  0.
  0.  0.  0.  0.  0. 15.  0.  0.  4. 23.  0.  0.  0.  0.  0.  0.  0.  0.
  0.  0. 13.  2.  1. 22. 27.  0.  0.  0.  0.  0.  0.  0. 12. 11.  7.  9.
  3. 10. 24.  0.  0.  0.  0.  0.  0.  0.  0.  0. 31. 39.  5. 20. 26.  0.
  0.  0.  0.  0.  0.  0.  0.  0.  0. 17.  6. 14.  8. 18. 19.  0.  0.  0.
  0.  0.  0.  0.  0.  0.  0. 21. 28. 34. 37.  0.  0.  0.  0.  0.  0.  0.
  0.  0.  0.  0. 29.  0. 30. 36.  0.  0.  0.  0.  0.  0.  0.  0.  0.  0.
  0.  0.  0. 35. 32. 38.  0.  0.  0.  0.  0.  0.  0.  0.  0.  0.  0.  0.
  0.  0. 33. 40.  0.  0.  0.  0.  0.]