[ 0.  0.  0.  0.  0.  0.  0.  0.  0.  0.  0.  0.  0.  0.  0.  0.  0.  0.
  0.  0.  0.  0.  0.  0.  0.  0.  0.  0.  0.  0.  0.  0.  0.  0.  0.  0.
  0.  0.  0.  0.  0.  0.  0.  0.  0.  0.  0.  0.  0.  0.  0.  0. 21.  0.
  0.  0.  0.  0.  0.  0.  0.  0.  0.  0.  0.  0.  0.  0. 20. 17.  0.  0.
  0.  0.  0.  0.  0.  0.  0.  0.  0.  0.  0. 24. 16.  0.  0.  0.  0.  0.
  0.  0.  0.  0. 28.  0. 13.  8. 12.  6. 14. 15.  0.  0.  0.  0.  0.  0.
  0. 26. 25. 11.  1.  3.  4.  0. 22.  0.  0.  0.  0.  0.  0.  0.  0.  0.
 27.  5.  2. 18.  0.  0. 23.  0.  0.  0.  0.  0.  0.  0. 34. 33.  7. 31.
 19. 32.  0.  0.  0.  0.  0.  0.  0.  0.  0.  0. 35.  9. 29.  0.  0.  0.
  0.  0.  0.  0.  0.  0.  0.  0.  0.  0. 10.  0. 30.  0.  0.  0.  0.  0.
  0.  0.  0.  0.  0.  0.  0.  0.  0.  0.  0.  0.  0.  0.  0.  0.  0.  0.
  0.  0.  0.  0.  0.  0.  0.  0.  0.  0.  0.  0.  0.  0.  0.  0.  0.  0.
  0.  0.  0.  0.  0.  0.  0.  0.  0.]