[ 0.  0.  0.  0.  0.  0.  0.  0.  0.  0.  0.  0.  0.  0.  0.  0.  0.  0.
  0.  0.  0.  0.  0.  0.  0.  0.  0.  0.  0.  0.  0.  0.  0.  0.  0.  0.
  0.  0.  0.  0.  0.  0.  0.  0.  0.  0. 21.  0.  0.  8.  0.  0.  0. 33.
  0.  0.  0.  0.  0.  0.  0.  0. 20. 24.  0.  7.  0.  0. 15. 30.  0.  0.
  0.  0.  0.  0.  0.  0. 12. 11.  9.  3. 10. 29.  0.  0.  0.  0.  0.  0.
  0.  0. 22.  0. 18. 13.  2.  1. 31.  0.  0.  0.  0.  0.  0.  0.  0.  0.
  0.  0. 14. 23.  4.  5.  0.  0.  0.  0.  0.  0.  0.  0.  0.  0. 16. 27.
 19. 25. 32.  6.  0.  0.  0.  0.  0.  0.  0.  0. 17. 28.  0.  0.  0. 26.
  0.  0.  0.  0.  0.  0.  0.  0.  0.  0.  0.  0.  0.  0.  0.  0.  0.  0.
  0.  0.  0.  0.  0.  0.  0.  0.  0.  0.  0.  0.  0.  0.  0.  0.  0.  0.
  0.  0.  0.  0.  0.  0.  0.  0.  0.  0.  0.  0.  0.  0.  0.  0.  0.  0.
  0.  0.  0.  0.  0.  0.  0.  0.  0.  0.  0.  0.  0.  0.  0.  0.  0.  0.
  0.  0.  0.  0.  0.  0.  0.  0.  0.]