[ 0.  0.  0.  0.  0.  0.  0.  0.  0.  0.  0.  0.  0.  0.  0.  0.  0.  0.
  0.  0.  0.  0.  0.  0.  0.  0.  0.  0.  0.  0.  0.  0.  0.  0.  0. 34.
 39.  0.  0.  0.  0.  0.  0.  0.  0.  0.  0. 33. 42. 26. 24. 38. 40. 41.
  0.  0.  0.  0.  0.  0.  0.  0. 32. 10. 23. 35. 36.  0. 19.  0.  0.  0.
  0.  0.  0.  0. 27. 28.  0.  9.  0.  8. 18.  0.  0.  0.  0.  0.  0.  0.
  0. 15. 16. 13. 11.  7. 14.  0. 37.  0.  0.  0.  0.  0.  0.  0.  0. 20.
 22.  5.  6.  1.  0.  0.  0.  0.  0.  0.  0.  0.  0.  0. 31. 21. 12.  2.
  3.  0.  0.  0.  0.  0.  0.  0.  0.  0.  0. 29. 17.  0. 25.  4.  0.  0.
  0.  0.  0.  0.  0.  0.  0. 30.  0.  0.  0.  0.  0.  0.  0.  0.  0.  0.
  0.  0.  0.  0.  0.  0.  0.  0.  0.  0.  0.  0.  0.  0.  0.  0.  0.  0.
  0.  0.  0.  0.  0.  0.  0.  0.  0.  0.  0.  0.  0.  0.  0.  0.  0.  0.
  0.  0.  0.  0.  0.  0.  0.  0.  0.  0.  0.  0.  0.  0.  0.  0.  0.  0.
  0.  0.  0.  0.  0.  0.  0.  0.  0.]