[ 0.  0.  0.  0.  0.  0.  0.  0.  0.  0.  0.  0.  0.  0.  0.  0.  0.  0.
  0.  0.  0.  0.  0.  0.  0.  0.  0.  0.  0.  0.  0.  0.  0.  0.  0.  0.
  0.  0.  0.  0.  0.  0.  0.  0.  0.  0.  0.  0.  0.  0.  0.  0.  0.  0.
  0.  0.  0.  0.  0.  0.  0.  0.  0.  0.  0.  0.  0.  0.  0.  0.  0.  0.
  0.  0.  0.  0.  0.  0.  0.  0.  0.  6.  0.  0.  0.  0.  0.  0.  0.  0.
  0.  0.  0. 12.  0.  4.  8.  1.  0.  0.  0.  0.  0.  0.  0.  0.  0.  0.
  0.  5.  0.  2. 16. 30. 22.  0.  0.  0.  0.  0.  0.  0.  0.  0. 10.  7.
  9.  3. 19. 20.  0.  0.  0.  0.  0.  0.  0.  0.  0.  0.  0. 11. 15.  0.
  0.  0.  0.  0.  0.  0.  0.  0.  0.  0.  0. 29. 21. 13.  0.  0.  0.  0.
  0.  0.  0.  0.  0.  0. 28. 27. 25. 23. 17. 14.  0.  0.  0.  0.  0.  0.
  0.  0.  0. 31. 26.  0. 24. 18.  0.  0.  0.  0.  0.  0.  0.  0.  0.  0.
  0.  0.  0.  0.  0.  0.  0.  0.  0.  0.  0.  0.  0.  0.  0.  0.  0.  0.
  0.  0.  0.  0.  0.  0.  0.  0.  0.]