[ 0.  0.  0.  0.  0.  0.  0.  0.  0.  0.  0.  0.  0.  0.  0.  0.  0.  0.
  0.  0.  0.  0.  0.  0.  0.  0.  0.  0.  0.  0.  0.  0.  0.  0.  0.  0.
  0.  0.  0.  0.  0.  0.  0.  0.  0.  0.  0.  0.  0.  0.  0.  0.  0.  0.
  0.  0.  0.  0.  0.  0.  0.  0.  0.  0.  0. 14.  0. 23.  0. 16.  0.  0.
  0.  0.  0.  0.  0.  0.  0.  0. 13. 17. 18. 15.  0.  0.  0.  0.  0.  0.
  0.  0.  0.  0.  0. 11.  4.  7.  0.  0.  0.  0.  0.  0.  0.  0.  0.  0.
 20. 19.  3.  5.  1.  8.  0.  0.  0.  0.  0.  0.  0.  0.  0. 21.  0.  9.
  2.  6.  0.  0.  0.  0.  0.  0.  0.  0.  0. 22.  0. 10. 12.  0.  0.  0.
  0.  0.  0.  0.  0.  0.  0.  0.  0.  0.  0.  0.  0.  0.  0.  0.  0.  0.
  0.  0.  0.  0.  0.  0.  0.  0.  0.  0.  0.  0.  0.  0.  0.  0.  0.  0.
  0.  0.  0.  0.  0.  0.  0.  0.  0.  0.  0.  0.  0.  0.  0.  0.  0.  0.
  0.  0.  0.  0.  0.  0.  0.  0.  0.  0.  0.  0.  0.  0.  0.  0.  0.  0.
  0.  0.  0.  0.  0.  0.  0.  0.  0.]