[ 0.  0.  0.  0.  0.  0.  0.  0.  0.  0.  0.  0.  0.  0.  0.  0.  0.  0.
  0.  0.  0.  0.  0.  0.  0.  0.  0.  0.  0.  0.  0.  0.  0.  0.  0.  0.
  0.  0.  0.  0.  0.  0.  0.  0.  0.  0.  0.  0.  0.  0.  0.  0.  0. 10.
  0.  0.  0.  0.  0.  0.  0.  0.  0.  0.  0.  0.  0.  0.  9.  0.  0.  0.
  0.  0.  0.  0.  0.  0.  0.  0.  0. 22. 11.  5.  0.  0.  0.  0.  0.  0.
  0.  0.  0.  0.  0. 13.  6.  2.  7.  0.  0.  0.  0.  0.  0.  0.  0.  0.
  0.  0.  0.  4.  3.  1.  0.  0.  0.  0.  0.  0.  0.  0.  0.  0. 17. 16.
 14. 12.  8. 15.  0.  0.  0.  0.  0.  0.  0.  0.  0. 18.  0. 20.  0.  0.
  0.  0.  0.  0.  0.  0.  0.  0.  0. 19.  0.  0. 21.  0.  0.  0.  0.  0.
  0.  0.  0.  0.  0.  0.  0.  0.  0.  0.  0.  0.  0.  0.  0.  0.  0.  0.
  0.  0.  0.  0.  0.  0.  0.  0.  0.  0.  0.  0.  0.  0.  0.  0.  0.  0.
  0.  0.  0.  0.  0.  0.  0.  0.  0.  0.  0.  0.  0.  0.  0.  0.  0.  0.
  0.  0.  0.  0.  0.  0.  0.  0.  0.]