[ 0.  0.  0.  0.  0.  0.  0.  0.  0.  0.  0.  0.  0.  0.  0.  0.  0.  0.
  0.  0.  0.  0.  0.  0.  0.  0.  0.  0.  0.  0.  0.  0.  0.  0.  0.  0.
  0.  0.  0.  0.  0.  0.  0.  0.  0.  0.  0.  0.  0. 10. 21.  0.  0.  0.
 19.  0. 15.  0.  0.  0.  0.  0.  0.  0.  0.  9. 18. 11. 17. 26. 14.  0.
  0.  0.  0.  0.  0.  0.  0.  0.  0.  5. 20.  0. 12.  0.  0.  0.  0.  0.
  0.  0.  0.  0.  0.  0.  3.  1.  4. 24. 16.  0.  0.  0.  0.  0.  0.  0.
  0.  0.  0.  6.  2.  7. 22.  0.  0.  0.  0.  0.  0.  0.  0.  0.  0.  0.
 13.  0.  0.  8. 23.  0.  0.  0.  0.  0.  0.  0.  0.  0.  0.  0.  0.  0.
 25.  0.  0.  0.  0.  0.  0.  0.  0.  0.  0.  0.  0.  0.  0.  0.  0.  0.
  0.  0.  0.  0.  0.  0.  0.  0.  0.  0.  0.  0.  0.  0.  0.  0.  0.  0.
  0.  0.  0.  0.  0.  0.  0.  0.  0.  0.  0.  0.  0.  0.  0.  0.  0.  0.
  0.  0.  0.  0.  0.  0.  0.  0.  0.  0.  0.  0.  0.  0.  0.  0.  0.  0.
  0.  0.  0.  0.  0.  0.  0.  0.  0.]