[ 0.  0.  0.  0.  0.  0.  0.  0.  0.  0.  0.  0.  0.  0.  0.  0.  0.  0.
  0.  0.  0.  0.  0.  0.  0.  0.  0.  0.  0.  0.  0.  0.  0.  0.  0.  0.
  0.  0.  0.  0.  0.  0.  0.  0.  0.  0.  0.  0.  0.  0.  0.  0.  0.  0.
  0.  0.  0.  0.  0.  0.  0.  0.  0.  0.  0.  0.  0.  0.  0.  0.  0.  0.
  0.  0. 19.  0.  0.  0.  0.  0.  0.  0.  7. 11.  0.  0.  0.  0. 18.  0.
  0.  0.  0.  0.  0.  0.  0. 27.  4.  3.  1. 13. 16.  0.  0.  0.  0.  0.
  0.  0.  0. 30. 28. 26.  2.  5. 10. 31.  0.  0.  0.  0.  0.  0.  0.  0.
  0. 23. 22. 20.  6. 12. 21.  0.  0.  0.  0.  0.  0.  0.  0.  0.  0.  0.
 17. 24.  8. 29.  0.  0.  0.  0.  0.  0.  0.  0.  0.  0.  0.  0.  0. 14.
  9.  0.  0.  0.  0.  0.  0.  0.  0.  0.  0.  0.  0.  0. 15. 25.  0.  0.
  0.  0.  0.  0.  0.  0.  0.  0.  0.  0.  0.  0.  0.  0.  0.  0.  0.  0.
  0.  0.  0.  0.  0.  0.  0.  0.  0.  0.  0.  0.  0.  0.  0.  0.  0.  0.
  0.  0.  0.  0.  0.  0.  0.  0.  0.]