[ 0.  0.  0.  0.  0.  0.  0.  0.  0.  0.  0.  0.  0.  0.  0.  0.  0.  0.
  0.  0.  0.  0.  0.  0.  0.  0.  0.  0.  0.  0.  0.  0.  0.  0.  0.  0.
  0.  0.  0.  0.  0.  0.  0.  0.  0.  0.  0.  0.  0.  0.  0.  0.  0.  0.
  0.  0.  0.  0.  0.  0.  0.  0.  0.  0.  0.  0.  0.  6.  0. 17.  0.  0.
  0.  0.  0.  0.  0.  0.  0.  0.  0.  4.  5.  7.  0.  0.  0.  0.  0.  0.
  0.  0.  0.  0.  0.  0.  2.  3. 14.  0.  0.  0.  0.  0.  0.  0.  0.  0.
  0.  0. 10.  9.  1.  0.  0.  0.  0.  0.  0.  0.  0.  0.  0.  0. 15. 13.
 11.  8.  0.  0.  0.  0.  0.  0.  0.  0.  0.  0.  0. 16.  0. 12.  0.  0.
  0.  0.  0.  0.  0.  0.  0.  0.  0.  0.  0.  0.  0.  0.  0.  0.  0.  0.
  0.  0.  0.  0.  0.  0.  0.  0.  0.  0.  0.  0.  0.  0.  0.  0.  0.  0.
  0.  0.  0.  0.  0.  0.  0.  0.  0.  0.  0.  0.  0.  0.  0.  0.  0.  0.
  0.  0.  0.  0.  0.  0.  0.  0.  0.  0.  0.  0.  0.  0.  0.  0.  0.  0.
  0.  0.  0.  0.  0.  0.  0.  0.  0.]