[ 0.  0.  0.  0.  0.  0.  0.  0.  0.  0.  0.  0.  0.  0.  0.  0.  0.  0.
  0.  0.  0.  0.  0.  0.  0.  0.  0.  0.  0.  0.  0.  0.  0.  0.  0.  0.
  0.  0.  0.  0.  0.  0.  0.  0.  0.  0.  0.  0.  0.  0.  0.  0. 56. 65.
 18.  0.  0.  0.  0.  0.  0.  0.  0. 52.  0.  0. 59. 55. 17. 60. 62.  0.
  0.  0.  0.  0.  0.  0.  0. 25.  0.  8. 15. 63. 61. 64. 51.  0.  0.  0.
  0. 49.  0.  0. 24. 41.  7. 53. 57. 58. 50.  0.  0.  0.  0.  0. 48.  0.
 19. 12. 11.  1.  9. 13. 14.  0.  0.  0.  0.  0.  0. 44. 45. 38. 16.  2.
  5.  4. 22.  0. 54.  0.  0.  0.  0.  0. 46. 40. 35. 27. 10.  3. 23.  0.
  0.  0.  0.  0.  0.  0.  0. 42.  0. 29. 26. 28.  6. 31. 30.  0.  0.  0.
  0.  0.  0. 43. 47.  0.  0. 39. 32.  0. 21.  0.  0.  0.  0.  0.  0.  0.
  0.  0.  0.  0.  0. 33. 34. 20.  0.  0.  0.  0.  0.  0.  0.  0.  0.  0.
  0.  0.  0.  0. 36.  0.  0.  0.  0.  0.  0.  0.  0.  0.  0.  0.  0.  0.
  0.  0. 37.  0.  0.  0.  0.  0.  0.]