[ 0.  0.  0.  0.  0.  0.  0.  0.  0.  0.  0.  0.  0.  0.  0.  0.  0.  0.
  0.  0.  0.  0.  0.  0.  0.  0.  0.  0.  0.  0.  0.  0.  0.  0.  0.  0.
  0.  0.  0.  0.  0.  0.  0.  0.  0.  0.  0.  0.  0.  0.  0.  0.  0. 29.
  0.  0.  0.  0.  0.  0.  0.  0.  0.  0. 27.  0.  0.  0. 34. 28.  0.  0.
  0.  0.  0.  0.  0.  0.  0.  0. 26.  0.  7.  6. 23. 22.  0.  0.  0.  0.
  0.  0.  0.  0.  0.  2.  4.  3.  9. 13. 19. 20. 32.  0.  0.  0.  0.  0.
  0.  0.  0.  1.  8. 11. 10. 21. 31.  0.  0.  0.  0.  0.  0.  0.  0.  5.
  0. 16. 14. 12. 17.  0. 33.  0.  0.  0.  0.  0.  0.  0.  0.  0. 18.  0.
 15. 30.  0.  0. 35.  0.  0.  0.  0.  0.  0.  0. 24.  0.  0.  0.  0.  0.
  0.  0.  0.  0.  0.  0.  0.  0. 25.  0.  0.  0.  0.  0.  0.  0.  0.  0.
  0.  0.  0.  0.  0.  0.  0.  0.  0.  0.  0.  0.  0.  0.  0.  0.  0.  0.
  0.  0.  0.  0.  0.  0.  0.  0.  0.  0.  0.  0.  0.  0.  0.  0.  0.  0.
  0.  0.  0.  0.  0.  0.  0.  0.  0.]