[ 0.  0.  0.  0.  0.  0.  0.  0.  0.  0.  0.  0.  0.  0.  0.  0.  0.  0.
  0.  0.  0.  0.  0.  0. 31.  0.  0.  0.  0.  0.  0.  0.  0.  0.  0.  0.
  0.  0. 30.  0.  0.  0.  0.  0.  0.  0.  0.  0.  0.  0.  0. 27. 26. 18.
 20. 21. 33. 25.  0.  0.  0.  0.  0.  0.  0.  0. 28.  0. 17. 19.  8. 24.
 35.  0.  0.  0.  0.  0.  0.  0. 14. 13.  9. 11.  7. 12. 34.  0.  0.  0.
  0.  0.  0.  0. 29.  0. 15.  2.  3. 22. 32. 42. 44.  0.  0.  0.  0.  0.
  0.  0.  0. 16.  1.  4. 10. 38. 40. 41.  0.  0.  0.  0.  0.  0.  0.  0.
  5. 23. 36.  0. 39. 43.  0.  0.  0.  0.  0.  0.  0.  0.  6.  0. 37.  0.
  0.  0.  0.  0.  0.  0.  0.  0.  0.  0.  0.  0.  0.  0.  0.  0.  0.  0.
  0.  0.  0.  0.  0.  0.  0.  0.  0.  0.  0.  0.  0.  0.  0.  0.  0.  0.
  0.  0.  0.  0.  0.  0.  0.  0.  0.  0.  0.  0.  0.  0.  0.  0.  0.  0.
  0.  0.  0.  0.  0.  0.  0.  0.  0.  0.  0.  0.  0.  0.  0.  0.  0.  0.
  0.  0.  0.  0.  0.  0.  0.  0.  0.]