[ 0.  0.  0.  0.  0.  0.  0.  0.  0.  0.  0.  0.  0.  0.  0.  0.  0.  0.
  0.  0.  0.  0.  0.  0.  0.  0.  0.  0.  0.  0.  0.  0.  0.  0. 17.  0.
  0.  0.  0.  0.  0.  0.  0.  0.  0.  0.  0.  0.  0.  0. 16.  0.  0.  0.
  0.  0.  0.  0.  0.  0.  0.  0.  0.  0.  0.  0. 14.  0.  0.  0.  0.  0.
  0.  0.  0.  0.  0.  0.  0.  0.  0. 11.  6.  4. 10. 12. 13.  0.  0.  0.
  0.  0.  0.  0.  0.  0.  0.  3.  2.  0. 26.  0. 37.  0.  0.  0.  0.  0.
  0.  0.  0. 31.  1. 18. 15. 33. 34.  0.  0.  0.  0.  0.  0.  0.  0. 30.
 29.  5. 25. 27. 28.  0. 35.  0.  0.  0.  0.  0.  0. 22. 21.  9.  7. 19.
 20.  0.  0.  0.  0.  0.  0.  0.  0.  0.  0.  0. 23.  8. 36.  0.  0.  0.
  0.  0.  0.  0.  0.  0.  0.  0. 24. 32. 38.  0.  0.  0.  0.  0.  0.  0.
  0.  0.  0.  0.  0.  0.  0.  0.  0.  0.  0.  0.  0.  0.  0.  0.  0.  0.
  0.  0.  0.  0.  0.  0.  0.  0.  0.  0.  0.  0.  0.  0.  0.  0.  0.  0.
  0.  0.  0.  0.  0.  0.  0.  0.  0.]