[ 0.  0.  0.  0.  0.  0.  0.  0.  0.  0.  0.  0.  0.  0.  0.  0.  0.  0.
  0.  0.  0.  0.  0.  0.  0.  0.  0.  0.  0.  0.  0.  0.  0.  0.  0.  0.
  0.  0.  0.  0.  0.  0.  0.  0.  0.  0.  0.  0.  0.  0.  0.  0.  0.  0.
  0.  0.  0.  0.  0.  0.  0.  0.  0.  0.  0. 12.  0. 36.  0.  0.  0.  0.
  0.  0.  0.  0.  0.  0.  0.  0.  0. 11.  4.  6.  0.  0.  0.  0.  0.  0.
  0.  0.  0.  0.  0.  0.  2.  3.  0. 22. 31.  0.  0.  0.  0.  0.  0.  0.
  0. 10.  9.  5.  1.  7.  8. 30.  0.  0.  0.  0.  0.  0.  0.  0.  0. 20.
 19. 15. 17. 13. 18. 34.  0.  0.  0.  0.  0.  0.  0.  0.  0. 21. 16.  0.
  0. 14.  0. 35.  0.  0.  0.  0.  0.  0.  0. 23. 25. 27. 28.  0. 32.  0.
  0.  0.  0.  0.  0.  0.  0. 24.  0. 26. 29.  0.  0. 33.  0.  0.  0.  0.
  0.  0.  0.  0.  0.  0.  0.  0.  0.  0.  0.  0.  0.  0.  0.  0.  0.  0.
  0.  0.  0.  0.  0.  0.  0.  0.  0.  0.  0.  0.  0.  0.  0.  0.  0.  0.
  0.  0.  0.  0.  0.  0.  0.  0.  0.]