[ 0.  0.  0.  0.  0.  0.  0.  0.  0.  0.  0.  0.  0.  0.  0.  0.  0.  0.
  0.  0.  0.  0.  0.  0.  0.  0.  0.  0.  0.  0.  0.  0.  0.  0.  0.  0.
  0.  0.  0.  0.  0.  0.  0.  0.  0.  0.  0.  0.  0.  0.  0.  0.  0.  0.
  0.  0.  0.  0.  0.  0.  0.  0.  0. 26.  0.  0.  0.  0. 14.  0.  0.  0.
 23.  0.  0.  0.  0.  0.  0. 24.  0.  0.  7.  0.  0.  0. 22.  0.  0.  0.
  0.  0.  0.  0.  0. 18.  3. 17.  5. 19. 20.  0.  0.  0.  0.  0.  0.  0.
  0.  0. 13.  2.  1.  0. 12.  0.  0.  0.  0.  0.  0.  0.  0.  0. 15.  9.
  6.  8.  4. 10. 11.  0.  0.  0.  0.  0.  0.  0. 16.  0.  0.  0. 21. 25.
  0.  0.  0.  0.  0.  0.  0.  0.  0.  0.  0.  0.  0.  0.  0.  0.  0.  0.
  0.  0.  0.  0.  0.  0.  0.  0.  0.  0.  0.  0.  0.  0.  0.  0.  0.  0.
  0.  0.  0.  0.  0.  0.  0.  0.  0.  0.  0.  0.  0.  0.  0.  0.  0.  0.
  0.  0.  0.  0.  0.  0.  0.  0.  0.  0.  0.  0.  0.  0.  0.  0.  0.  0.
  0.  0.  0.  0.  0.  0.  0.  0.  0.]