[ 0.  0.  0.  0.  0.  0.  0.  0.  0.  0.  0.  0.  0.  0.  0.  0.  0.  0.
  0.  0.  0.  0.  0.  0.  0.  0.  0.  0.  0.  0.  0.  0.  0.  0.  0.  0.
  0.  0.  0.  0.  0.  0.  0.  0.  0.  0.  0.  0.  0.  0.  0.  0.  0.  0.
  0.  0.  0.  0.  0.  0.  0.  0.  0.  0.  0.  0.  0.  0.  0. 19.  0.  0.
  0.  0.  0.  0.  0.  0.  0.  0.  0.  0.  0. 18.  0.  0.  0.  0.  0.  0.
  0.  0.  0.  0.  0.  0.  0. 16.  0.  0.  0.  0.  0.  0.  0.  0.  0.  0.
  0. 13.  5. 14.  1.  0.  0.  0.  0.  0.  0.  0.  0.  0.  0.  0.  0. 12.
  2.  0.  0.  0.  0.  0.  0.  0.  0.  0.  0. 23. 21. 17.  3. 15.  4.  0.
  0.  0.  0.  0.  0.  0.  0.  0.  0.  0.  0. 11.  6. 10.  8.  0.  0.  0.
  0.  0.  0.  0.  0.  0.  0.  0.  7.  0. 20.  0.  9.  0.  0.  0.  0.  0.
  0.  0.  0.  0.  0.  0.  0. 22.  0.  0.  0.  0.  0.  0.  0.  0.  0.  0.
  0.  0.  0.  0.  0.  0.  0.  0.  0.  0.  0.  0.  0.  0.  0.  0.  0.  0.
  0.  0.  0.  0.  0.  0.  0.  0.  0.]