[ 0.  0.  0.  0.  0.  0.  0.  0.  0.  0.  0.  0.  0.  0.  0.  0.  0.  0.
  0.  0.  0.  0.  0.  0.  0.  0.  0.  0.  0.  0.  0.  0.  0.  0.  0.  0.
  0.  0.  0.  0.  0.  0.  0.  0.  0.  0.  0.  0.  0. 18.  0.  0.  0.  0.
  0.  0.  0.  0.  0.  0.  0.  0.  0. 14. 17.  0. 12. 10.  0.  0.  0.  0.
  0.  0.  0.  0.  0.  0.  0. 13.  0.  9.  0.  0.  0.  0.  0.  0.  0.  0.
  0.  0. 20. 19. 15.  7. 11. 21.  0.  0.  0.  0.  0.  0.  0.  0.  0.  0.
  0.  5.  6.  1.  0.  0.  0.  0.  0.  0.  0.  0.  0.  0.  0.  8. 16.  2.
  0.  0.  0.  0.  0.  0.  0.  0.  0.  0.  0.  0.  0.  3.  0.  4.  0.  0.
  0.  0.  0.  0.  0.  0.  0.  0.  0.  0.  0.  0.  0.  0.  0.  0.  0.  0.
  0.  0.  0.  0.  0.  0.  0.  0.  0.  0.  0.  0.  0.  0.  0.  0.  0.  0.
  0.  0.  0.  0.  0.  0.  0.  0.  0.  0.  0.  0.  0.  0.  0.  0.  0.  0.
  0.  0.  0.  0.  0.  0.  0.  0.  0.  0.  0.  0.  0.  0.  0.  0.  0.  0.
  0.  0.  0.  0.  0.  0.  0.  0.  0.]