[ 0.  0.  0.  0.  0.  0. 56.  0.  0.  0. 44.  0.  0.  0.  0.  0.  0.  0.
  0.  0.  0.  0. 55.  0. 43. 61.  0.  0.  0.  0.  0.  0.  0.  0.  0.  0.
 46. 21. 41. 45. 47. 48.  0.  0.  0.  0.  0.  0.  0.  0.  0. 10. 35. 58.
 53. 57. 49.  0.  0.  0.  0.  0.  0.  0.  0. 18.  9.  0.  0.  0. 51.  0.
 50.  0.  0.  0.  0.  0.  0.  0. 42.  7. 16.  0. 52. 59. 54.  0.  0.  0.
  0.  0.  0.  0.  0.  0.  5.  2. 13.  0. 60.  0.  0.  0.  0.  0.  0.  0.
  0. 30.  0.  3.  1.  4.  0.  0.  0.  0.  0.  0.  0.  0.  0.  0.  0. 29.
  8. 11.  6. 38. 23.  0.  0. 40.  0.  0.  0.  0.  0.  0.  0. 27. 17. 12.
 22. 34. 36. 37.  0.  0.  0.  0.  0.  0.  0.  0. 26. 19. 14. 33.  0. 39.
  0.  0.  0.  0.  0.  0.  0.  0.  0.  0. 20. 15. 32.  0.  0.  0.  0.  0.
  0.  0.  0.  0.  0.  0. 24.  0. 31. 28.  0.  0.  0.  0.  0.  0.  0.  0.
  0.  0. 25.  0.  0.  0.  0.  0.  0.  0.  0.  0.  0.  0.  0.  0.  0.  0.
  0.  0.  0.  0.  0.  0.  0.  0.  0.]