[ 0.  0.  0.  0.  0.  0.  0.  0.  0.  0.  0.  0.  0.  0.  0.  0.  0.  0.
  0.  0.  0.  0.  0.  0.  0.  0.  0.  0.  0.  0.  0.  0.  0.  0.  0.  0.
  0. 19.  0.  0.  0.  0.  0.  0.  0.  0.  0.  0. 22.  0.  0. 18.  0.  0.
  0.  0.  0.  0.  0.  0.  0.  0.  0. 13. 21. 10.  0.  0.  0.  0.  0.  0.
  0.  0.  0.  0.  0. 17.  0. 12. 11.  9.  6.  0.  0.  0.  0.  0.  0.  0.
  0.  0.  0. 14. 20.  8.  7.  5.  0.  0.  0.  0.  0.  0.  0.  0.  0. 15.
  0. 16.  0.  2.  1.  0.  0.  0.  0.  0.  0.  0.  0.  0.  0.  0.  0.  0.
  4.  3. 23.  0.  0.  0.  0.  0.  0.  0.  0.  0.  0.  0.  0.  0.  0.  0.
  0.  0.  0.  0.  0.  0.  0.  0.  0.  0.  0.  0.  0.  0.  0.  0.  0.  0.
  0.  0.  0.  0.  0.  0.  0.  0.  0.  0.  0.  0.  0.  0.  0.  0.  0.  0.
  0.  0.  0.  0.  0.  0.  0.  0.  0.  0.  0.  0.  0.  0.  0.  0.  0.  0.
  0.  0.  0.  0.  0.  0.  0.  0.  0.  0.  0.  0.  0.  0.  0.  0.  0.  0.
  0.  0.  0.  0.  0.  0.  0.  0.  0.]