[ 0.  0.  0.  0.  0.  0.  0.  0.  0.  0.  0.  0.  0.  0.  0.  0.  0.  0.
  0.  0.  0.  0.  0.  0.  0.  0.  0.  0.  0.  0.  0.  0.  0.  0.  0.  0.
  0.  0.  0.  0.  0.  0.  0.  0.  0.  0.  0.  0.  0.  0.  0.  0.  0.  0.
  0.  0.  0.  0.  0.  0.  0.  0.  0.  0.  0.  0.  0.  0.  0.  0.  0.  0.
  0.  0.  0.  0.  0.  0.  0.  0.  0.  0.  0.  0.  0.  0.  0.  0.  0.  0.
  0.  0.  0.  0.  0.  0.  0.  0.  3. 22.  0.  0.  0.  0.  0.  0.  0.  0.
  0.  0.  9. 23.  1. 21. 13.  0.  0.  0.  0.  0.  0.  0.  0.  0.  0.  0.
  4.  5.  2.  0.  0.  0.  0.  0.  0.  0.  0.  0.  0.  0.  0.  7.  6.  0.
  0.  0.  0.  0.  0.  0.  0.  0.  0.  0.  0. 17. 12. 16.  8. 18. 19.  0.
  0.  0.  0.  0.  0.  0.  0. 20. 14.  0.  0.  0. 10.  0.  0.  0.  0.  0.
  0.  0.  0.  0. 15.  0.  0.  0.  0.  0. 11.  0.  0.  0.  0.  0.  0.  0.
  0.  0.  0.  0.  0.  0.  0.  0.  0.  0.  0.  0.  0.  0.  0.  0.  0.  0.
  0.  0.  0.  0.  0.  0.  0.  0.  0.]