[ 0.  0.  0.  0.  0.  0.  0.  0.  0.  0.  0.  0.  0.  0.  0.  0.  0.  0.
  0.  0.  0.  0.  0.  0.  0.  0.  0.  0.  0.  0.  0.  0.  0.  0.  0.  0.
  0.  0.  0.  0.  0.  0.  0.  0.  0.  0.  0.  0.  0.  0.  0.  0.  0.  0.
  0.  0.  0.  0.  0.  0.  0.  0.  0.  0. 26.  0. 12.  0.  0.  0.  0.  0.
  0.  0.  0.  0.  0.  0. 31. 29. 25.  7. 27. 28.  0.  0.  0.  0.  0.  0.
  0.  0.  0.  0.  0. 16. 11.  2.  0. 10.  0.  0.  0.  0.  0.  0.  0.  0.
  0.  0. 30.  3.  1.  4.  0.  0.  0.  0.  0.  0.  0.  0.  0.  0.  0.  0.
 13.  5. 23.  6.  0.  0.  0.  0.  0.  0.  0.  0.  0.  0.  0. 14.  0. 15.
 24.  8.  0.  0.  0.  0.  0.  0.  0.  0.  0.  0.  0.  0. 20. 17. 19.  9.
 21. 22.  0.  0.  0.  0.  0.  0.  0.  0.  0.  0.  0. 18.  0.  0.  0.  0.
  0.  0.  0.  0.  0.  0.  0.  0.  0.  0.  0.  0.  0.  0.  0.  0.  0.  0.
  0.  0.  0.  0.  0.  0.  0.  0.  0.  0.  0.  0.  0.  0.  0.  0.  0.  0.
  0.  0.  0.  0.  0.  0.  0.  0.  0.]