[ 0.  0.  0.  0.  0.  0.  0.  0.  0.  0.  0.  0.  0.  0.  0.  0.  0.  0.
  0.  0.  0.  0.  0.  0.  0.  0.  0.  0.  0.  0.  0.  0.  0.  0.  0.  0.
  0.  0.  0.  0.  0.  0.  0.  0.  0.  0.  0.  0.  0.  0.  0.  0. 12.  0.
  0. 16. 26.  0.  0.  0.  0.  0.  0.  0.  0.  0.  0. 11. 24. 15. 23.  0.
  0.  0.  0.  0.  0.  0.  0.  0.  0. 29.  7. 13. 25. 27. 28.  0.  0.  0.
  0.  0.  0.  0.  0.  0.  2.  9.  3.  0.  0.  0.  0.  0.  0.  0.  0.  0.
  0.  0.  6.  5.  1. 22.  8.  0.  0.  0.  0.  0.  0.  0.  0. 19. 18. 14.
  4. 10. 17.  0.  0.  0.  0.  0.  0.  0.  0.  0. 20.  0.  0.  0.  0.  0.
  0.  0.  0.  0.  0.  0.  0.  0. 21.  0.  0.  0.  0.  0.  0.  0.  0.  0.
  0.  0.  0.  0.  0.  0.  0.  0.  0.  0.  0.  0.  0.  0.  0.  0.  0.  0.
  0.  0.  0.  0.  0.  0.  0.  0.  0.  0.  0.  0.  0.  0.  0.  0.  0.  0.
  0.  0.  0.  0.  0.  0.  0.  0.  0.  0.  0.  0.  0.  0.  0.  0.  0.  0.
  0.  0.  0.  0.  0.  0.  0.  0.  0.]