[ 0.  0.  0.  0.  0.  0.  0.  0.  0.  0.  0.  0.  0.  0.  0.  0.  0.  0.
  0.  0.  0.  0.  0.  0.  0.  0.  0.  0.  0.  0.  0.  0.  0.  0.  0.  0.
  0.  0.  0.  0.  0.  0.  0.  0.  0.  0.  0.  0.  0.  0.  0.  0.  0.  0.
  0.  0.  0.  0.  0.  0.  0.  0.  0.  0.  0.  0.  0.  0.  0.  0.  0.  0.
  0.  0.  0.  0.  0.  0.  0.  0.  0.  0.  0. 17.  0.  0.  0.  0.  0.  0.
  0.  0.  0.  0.  0. 11.  5.  3. 12. 22.  0.  0.  0.  0.  0.  0.  0.  0.
  0.  0.  9.  1.  8. 16.  0.  0.  0.  0.  0.  0.  0.  0.  0.  0.  7.  4.
  2.  6. 14. 15.  0.  0.  0.  0.  0.  0.  0.  0. 10.  0. 13. 18.  0.  0.
  0.  0.  0.  0.  0.  0.  0.  0.  0.  0.  0. 20. 19.  0.  0.  0.  0.  0.
  0.  0.  0.  0.  0.  0.  0. 21.  0.  0.  0.  0.  0.  0.  0.  0.  0.  0.
  0.  0.  0.  0.  0.  0.  0.  0.  0.  0.  0.  0.  0.  0.  0.  0.  0.  0.
  0.  0.  0.  0.  0.  0.  0.  0.  0.  0.  0.  0.  0.  0.  0.  0.  0.  0.
  0.  0.  0.  0.  0.  0.  0.  0.  0.]