[ 0.  0.  0.  0.  0.  0.  0.  0.  0.  0.  0.  0.  0.  0.  0.  0.  0.  0.
  0.  0.  0.  0.  0.  0.  0.  0.  0.  0.  0.  0.  0.  0.  0.  0.  0.  0.
  0.  0.  0.  0.  0.  0.  0.  0.  0.  0.  0.  0.  0.  0.  0. 70.  0. 34.
  0. 18.  0.  0.  0.  0.  0.  0.  0.  0.  0.  6.  0.  0. 25. 17.  0.  0.
  0.  0.  0.  0. 41. 65.  0. 68. 11.  5. 14.  9.  0.  0.  0.  0.  0.  0.
  0.  0. 40. 42.  0. 29.  4.  3. 33.  0.  0.  0.  0.  0.  0.  0.  0. 64.
 38.  0. 24. 15.  2.  1.  0.  0.  0.  0.  0.  0.  0. 69. 36. 37. 26. 16.
 32. 19. 10.  7.  0.  0.  0.  0.  0.  0.  0. 66. 27. 48. 28. 55. 21. 20.
 12.  8. 22. 23.  0.  0.  0.  0. 67.  0. 35. 30. 39. 62. 63.  0. 13.  0.
  0.  0.  0.  0.  0.  0. 52. 47. 31. 51. 53. 54.  0.  0.  0.  0.  0.  0.
  0.  0.  0. 58. 45. 57. 43. 59. 60.  0.  0.  0.  0.  0.  0.  0.  0.  0.
 46. 49.  0. 56. 44.  0.  0.  0.  0.  0.  0.  0.  0.  0.  0. 61. 50.  0.
  0.  0.  0.  0.  0.  0.  0.  0.  0.]