[ 0.  0.  0.  0.  0.  0.  0.  0.  0.  0.  0.  0.  0.  0.  0.  0.  0.  0.
  0.  0.  0.  0.  0.  0.  0.  0.  0.  0.  0.  0.  0.  0.  0.  0.  0.  0.
 24. 35.  0. 18.  0.  0.  0.  0.  0.  0.  0.  0.  0.  0.  0. 26. 23. 17.
 25.  0.  0.  0.  0.  0.  0.  0.  0.  0.  0. 10. 12. 13.  7.  0. 29.  0.
  0.  0.  0.  0.  0.  0.  0. 32.  0.  5.  4. 20. 21.  0.  0.  0.  0.  0.
  0.  0.  0. 34. 30. 11.  2.  1. 19.  0. 27.  0.  0.  0.  0.  0.  0. 36.
  0. 14.  6.  8.  3.  9.  0.  0. 28.  0.  0.  0.  0.  0.  0.  0. 33.  0.
 22.  0.  0. 15.  0.  0.  0.  0.  0.  0.  0.  0.  0.  0.  0.  0. 31.  0.
  0. 16.  0.  0.  0.  0.  0.  0.  0.  0.  0.  0.  0.  0.  0.  0.  0.  0.
  0.  0.  0.  0.  0.  0.  0.  0.  0.  0.  0.  0.  0.  0.  0.  0.  0.  0.
  0.  0.  0.  0.  0.  0.  0.  0.  0.  0.  0.  0.  0.  0.  0.  0.  0.  0.
  0.  0.  0.  0.  0.  0.  0.  0.  0.  0.  0.  0.  0.  0.  0.  0.  0.  0.
  0.  0.  0.  0.  0.  0.  0.  0.  0.]