[ 0.  0.  0.  0.  0.  0.  0.  0.  0.  0.  0.  0.  0.  0.  0.  0.  0.  0.
  0.  0.  0.  0.  0.  0.  0.  0.  0.  0.  0.  0.  0.  0.  0.  0.  0.  0.
  0.  0.  0.  0.  0.  0.  0.  0.  0.  0.  0.  0.  0.  0.  0.  0.  0.  0.
  0.  0.  0.  0.  0.  0.  0.  0. 14.  0.  0.  0.  0.  0.  0.  0.  0. 32.
  0.  0.  0.  0.  0.  0. 13.  0.  0.  0. 21.  0.  0. 31. 17.  0.  0.  0.
  0.  0.  0.  0. 11.  0.  8. 24.  4. 25. 16.  0.  0.  0.  0.  0.  0.  0.
  0. 10.  9.  7.  1.  5.  6. 30.  0.  0.  0.  0.  0.  0.  0.  0.  0. 36.
  3. 27.  2. 26. 20. 28. 29.  0.  0.  0.  0.  0.  0.  0. 19. 18. 12.  0.
  0.  0. 22.  0.  0.  0.  0.  0. 39. 37. 33. 35. 15. 38.  0.  0.  0.  0.
 23.  0.  0.  0.  0.  0. 34.  0.  0.  0.  0.  0.  0.  0.  0.  0.  0.  0.
  0.  0.  0.  0.  0.  0.  0.  0.  0.  0.  0.  0.  0.  0.  0.  0.  0.  0.
  0.  0.  0.  0.  0.  0.  0.  0.  0.  0.  0.  0.  0.  0.  0.  0.  0.  0.
  0.  0.  0.  0.  0.  0.  0.  0.  0.]