[ 0.  0.  0.  0.  0.  0.  0.  0.  0.  0.  0.  0.  0.  0.  0.  0.  0.  0.
  0.  0.  0.  0.  0.  0.  0.  0.  0.  0.  0.  0.  0.  0.  0.  0.  0.  0.
  0.  0.  0.  0.  0.  0.  0.  0.  0.  0.  0.  0.  0.  0.  0.  0.  0.  0.
  0.  0.  0.  0.  0.  0.  0.  0.  0.  0.  0.  0.  0.  0.  0.  0.  0.  0.
  0.  0.  0.  0.  0.  0.  0.  0. 15.  0.  0.  0.  0.  0.  0.  0.  0.  0.
  0.  0.  0.  0.  0. 11. 12.  0.  0.  0.  0.  0.  0.  0.  0.  0.  0.  0.
  0.  5.  6.  1. 10. 16. 24.  0.  0.  0.  0.  0.  0. 23. 22. 20.  8.  2.
  3. 17. 14.  0.  0.  0.  0.  0.  0.  0.  0. 35. 13.  0.  7.  4. 26. 18.
  0.  0.  0.  0.  0.  0.  0.  0. 30. 29.  9. 25. 27. 28. 19.  0.  0.  0.
  0.  0.  0.  0.  0. 34. 31. 33. 21.  0.  0.  0.  0.  0.  0.  0.  0.  0.
  0.  0. 32.  0.  0. 37.  0.  0.  0.  0.  0.  0.  0.  0.  0.  0.  0. 36.
  0.  0.  0.  0.  0.  0.  0.  0.  0.  0.  0.  0.  0.  0.  0.  0.  0.  0.
  0.  0.  0.  0.  0.  0.  0.  0.  0.]