[ 0.  0.  0.  0.  0.  0.  0.  0.  0.  0.  0.  0.  0.  0.  0.  0.  0.  0.
  0.  0.  0.  0.  0.  0.  0.  0.  0.  0.  0.  0.  0.  0.  0.  0.  0.  0.
  0.  0.  0.  0.  0.  0.  0.  0.  0.  0.  0.  0.  0.  0.  0.  0.  0.  0.
 17.  0.  0. 15.  0.  0.  0.  0.  0.  0.  0.  0.  0.  0.  0. 16.  0. 14.
  0.  0.  0.  0.  0.  0.  0.  0.  0.  9.  4.  8.  6. 10. 11. 24.  0.  0.
  0.  0.  0.  0.  0.  0.  0.  3.  5.  2.  0. 21.  0.  0.  0.  0.  0.  0.
  0.  0.  0.  0.  1. 12. 18. 23. 22. 20.  0.  0.  0.  0.  0.  0.  0. 28.
  7. 13. 27. 19. 29.  0.  0.  0.  0.  0.  0.  0.  0.  0.  0.  0.  0. 25.
  0.  0.  0.  0.  0.  0.  0.  0.  0.  0.  0.  0.  0. 26.  0.  0.  0.  0.
  0.  0.  0.  0.  0.  0.  0.  0.  0.  0.  0.  0.  0.  0.  0.  0.  0.  0.
  0.  0.  0.  0.  0.  0.  0.  0.  0.  0.  0.  0.  0.  0.  0.  0.  0.  0.
  0.  0.  0.  0.  0.  0.  0.  0.  0.  0.  0.  0.  0.  0.  0.  0.  0.  0.
  0.  0.  0.  0.  0.  0.  0.  0.  0.]