[ 0.  0.  0.  0.  0.  0.  0.  0.  0.  0.  0.  0.  0.  0.  0.  0.  0.  0.
  0.  0.  0.  0.  0.  0.  0.  0.  0.  0.  0.  0.  0.  0.  0.  0.  0.  0.
  0.  0.  0.  0.  0.  0.  0.  0.  0.  0.  0.  0.  0.  0.  0.  0.  0.  0.
  0.  0.  0.  0.  0.  0.  0.  0.  0.  0.  0.  0.  0.  0.  0.  0.  0.  0.
  0.  0.  0.  0.  0.  0.  0.  0.  0. 24.  0. 18.  0. 13.  0.  0.  0.  0.
  0. 22.  0.  0. 32. 23.  0. 17.  0. 12.  0.  0.  0.  0.  0.  0.  0. 21.
  8.  7.  5.  3.  1.  6.  0.  0.  0.  0.  0.  0.  0. 30. 27. 19. 29.  9.
  4.  2.  0.  0.  0.  0.  0.  0.  0.  0.  0. 25.  0. 15. 14. 10.  0.  0.
  0.  0.  0.  0.  0.  0.  0. 26. 28. 16. 31. 11.  0.  0.  0.  0.  0.  0.
  0.  0.  0.  0.  0.  0.  0. 33.  0. 20.  0.  0.  0.  0.  0.  0.  0.  0.
  0.  0.  0.  0.  0.  0.  0.  0.  0.  0.  0.  0.  0.  0.  0.  0.  0.  0.
  0.  0.  0.  0.  0.  0.  0.  0.  0.  0.  0.  0.  0.  0.  0.  0.  0.  0.
  0.  0.  0.  0.  0.  0.  0.  0.  0.]