[ 0.  0.  0.  0.  0.  0.  0.  0.  0.  0.  0.  0.  0.  0.  0.  0.  0.  0.
  0.  0.  0.  0.  0.  0.  0.  0.  0.  0.  0.  0.  0.  0.  0.  0.  0.  0.
  0.  0.  0.  0.  0.  0.  0.  0.  0.  0.  0.  0.  0.  0.  0.  0.  0.  0.
  0.  0.  0.  0.  0.  0.  0.  0.  0.  0.  0.  0.  0.  0.  0.  0.  0.  0.
  0.  0.  0.  0.  0.  0.  0.  0.  0.  0.  0. 22.  0.  0.  0.  0.  0.  0.
  0.  0.  0.  0.  0.  0.  6. 16. 17. 14.  0.  0.  0.  0.  0.  0.  0.  0.
  0.  0.  4.  0.  1. 13.  0.  0.  0.  0.  0.  0.  0.  0.  0.  0.  7.  0.
  2. 15. 21.  0.  0.  0.  0.  0.  0.  0.  0.  0.  0. 10.  3.  9.  5. 11.
 12.  0.  0.  0.  0.  0.  0.  0.  0.  0.  0. 19.  8. 18. 23.  0.  0.  0.
  0.  0.  0.  0.  0.  0.  0. 20.  0.  0.  0.  0.  0.  0.  0.  0.  0.  0.
  0.  0.  0.  0.  0.  0.  0.  0.  0.  0.  0.  0.  0.  0.  0.  0.  0.  0.
  0.  0.  0.  0.  0.  0.  0.  0.  0.  0.  0.  0.  0.  0.  0.  0.  0.  0.
  0.  0.  0.  0.  0.  0.  0.  0.  0.]