[ 0.  0.  0.  0.  0.  0.  0.  0.  0.  0.  0.  0.  0.  0.  0.  0.  0.  0.
  0.  0.  0.  0.  0.  0.  0.  0.  0.  0.  0.  0.  0.  0.  0.  0.  0.  0.
  0.  0.  0.  0.  0.  0.  0.  0.  0.  0.  0.  0.  0.  0.  0.  0.  0.  0.
 10.  0.  0.  0.  0.  0.  0.  0.  0. 37.  0.  0.  0.  0.  9.  0.  0.  0.
  0.  0.  0.  0.  0.  0. 34. 33. 31. 17.  7. 32.  0.  0. 29.  0.  0.  0.
  0.  0.  0. 23.  0. 35.  5.  2.  3.  0. 28.  0.  0.  0.  0.  0.  0.  0.
 16. 15. 11. 13.  1. 14.  8.  0.  0.  0.  0.  0.  0.  0. 21. 20. 12. 18.
  4. 19.  6.  0.  0.  0.  0.  0.  0.  0.  0.  0. 22.  0. 30.  0. 26. 36.
  0.  0.  0.  0.  0.  0.  0.  0.  0. 24.  0.  0. 27.  0.  0.  0.  0.  0.
  0.  0.  0.  0.  0.  0. 25.  0.  0.  0.  0.  0.  0.  0.  0.  0.  0.  0.
  0.  0.  0.  0.  0.  0.  0.  0.  0.  0.  0.  0.  0.  0.  0.  0.  0.  0.
  0.  0.  0.  0.  0.  0.  0.  0.  0.  0.  0.  0.  0.  0.  0.  0.  0.  0.
  0.  0.  0.  0.  0.  0.  0.  0.  0.]