[ 0.  0.  0.  0.  0.  0.  0.  0.  0.  0.  0.  0.  0.  0.  0.  0.  0.  0.
  0.  0.  0.  0.  0.  0.  0.  0.  0.  0.  0.  0.  0.  0.  0.  0.  0. 19.
  0.  0.  0. 21.  0.  0.  0.  0.  0.  0.  0.  0.  0.  0.  0. 18.  0. 20.
  0.  0.  0.  0.  0.  0.  0.  0.  0.  0.  0.  0.  0. 16.  0.  0.  0.  0.
  0.  0.  0.  0.  0.  0.  0.  0.  0.  4. 15. 14.  0.  0.  0.  0.  0.  0.
  0.  0.  0.  0.  0.  8.  1.  2. 13. 12.  0.  0.  0.  0.  0.  0.  0.  0.
  0. 22.  0.  3.  6.  5.  0. 17.  0.  0.  0.  0.  0.  0.  0.  0.  0.  0.
 10.  7.  9.  0.  0.  0.  0.  0.  0.  0.  0.  0.  0.  0.  0. 11.  0.  0.
  0.  0.  0.  0.  0.  0.  0.  0.  0.  0.  0.  0.  0.  0.  0.  0.  0.  0.
  0.  0.  0.  0.  0.  0.  0.  0.  0.  0.  0.  0.  0.  0.  0.  0.  0.  0.
  0.  0.  0.  0.  0.  0.  0.  0.  0.  0.  0.  0.  0.  0.  0.  0.  0.  0.
  0.  0.  0.  0.  0.  0.  0.  0.  0.  0.  0.  0.  0.  0.  0.  0.  0.  0.
  0.  0.  0.  0.  0.  0.  0.  0.  0.]