[ 0.  0.  0.  0.  0.  0.  0.  0.  0.  0.  0.  0.  0.  0.  0.  0.  0.  0.
  0.  0.  0.  0.  0.  0.  0.  0.  0.  0.  0.  0.  0.  0.  0.  0.  0.  0.
  0.  0.  0. 23. 11.  0.  0.  0.  0.  0.  0.  0.  0.  0.  0. 15.  0. 22.
 10.  0.  0.  0.  0.  0.  0.  0.  0.  0. 19. 18. 14. 16.  8. 17.  0.  0.
  0.  0.  0.  0.  0.  0.  0. 29. 46. 12.  2.  5. 26.  0.  0.  0.  0.  0.
  0.  0. 41. 40. 30. 20.  4.  1.  3. 32.  0.  0.  0.  0.  0.  0.  0.  0.
 42. 21.  9.  6. 25.  7.  0.  0.  0.  0.  0.  0.  0.  0. 44. 43.  0. 39.
 13. 31. 24.  0.  0.  0.  0.  0.  0.  0. 45.  0. 38. 37. 27. 35. 33. 36.
  0.  0.  0.  0.  0.  0.  0.  0.  0.  0. 28.  0.  0. 34.  0.  0.  0.  0.
  0.  0.  0.  0.  0.  0.  0.  0.  0.  0.  0.  0.  0.  0.  0.  0.  0.  0.
  0.  0.  0.  0.  0.  0.  0.  0.  0.  0.  0.  0.  0.  0.  0.  0.  0.  0.
  0.  0.  0.  0.  0.  0.  0.  0.  0.  0.  0.  0.  0.  0.  0.  0.  0.  0.
  0.  0.  0.  0.  0.  0.  0.  0.  0.]