[ 0.  0.  0.  0.  0.  0.  0.  0.  0.  0.  0.  0.  0.  0.  0.  0.  0.  0.
  0.  0.  0.  0.  0.  0. 15.  0.  0.  0.  0.  0.  0.  0.  0. 26. 28.  0.
  0.  0. 14.  0.  0.  0.  0.  0.  0.  0.  0.  0.  0. 25.  0.  0.  8.  0.
  0.  0.  0.  0.  0.  0.  0.  0.  0.  0. 27. 21. 10.  7.  9.  0.  0.  0.
  0.  0.  0.  0.  0.  0.  0. 17. 12. 11.  5.  0.  0.  0.  0.  0.  0.  0.
  0.  0.  0.  0. 13. 16.  2.  3.  0.  0.  0.  0.  0.  0.  0.  0.  0.  0.
  0. 29. 20.  4.  1. 24.  0.  0.  0.  0.  0.  0.  0.  0.  0.  0.  0. 22.
  0.  6.  0.  0.  0.  0.  0.  0.  0.  0.  0.  0.  0.  0. 23.  0.  0. 18.
  0.  0.  0.  0.  0.  0.  0.  0.  0.  0.  0.  0.  0.  0.  0. 19.  0.  0.
  0.  0.  0.  0.  0.  0.  0.  0.  0.  0.  0.  0.  0.  0.  0.  0.  0.  0.
  0.  0.  0.  0.  0.  0.  0.  0.  0.  0.  0.  0.  0.  0.  0.  0.  0.  0.
  0.  0.  0.  0.  0.  0.  0.  0.  0.  0.  0.  0.  0.  0.  0.  0.  0.  0.
  0.  0.  0.  0.  0.  0.  0.  0.  0.]