[ 0.  0.  0.  0.  0.  0.  0.  0.  0.  0.  0.  0.  0.  0.  0.  0.  0.  0.
  0.  0.  0.  0.  0.  0.  0.  0.  0.  0.  0.  0.  0.  0.  0.  0.  0.  0.
  0.  0.  0.  0.  0.  0.  0.  0.  0.  0.  0.  0.  0.  0. 36.  0.  0.  0.
  0.  0.  0.  0.  0.  0.  0.  0.  0. 27.  0. 12. 31.  0.  0.  0.  0.  0.
  0.  0.  0.  0.  0.  0.  0. 26.  4.  7. 23.  0.  0.  0.  0.  0.  0.  0.
  0.  0.  0.  0. 28.  6.  3.  5. 35.  0.  0.  0.  0.  0.  0.  0.  0.  0.
 30. 29. 13.  2.  1. 11. 19. 17. 20.  0.  0.  0.  0.  0. 32.  0. 24. 25.
 14.  8. 10. 15. 37.  0.  0.  0.  0.  0. 33.  0.  0.  0. 34.  0.  0.  9.
 22. 16.  0.  0.  0.  0.  0.  0.  0.  0.  0.  0.  0. 18.  0. 21.  0.  0.
  0.  0.  0.  0.  0.  0.  0.  0.  0.  0.  0.  0.  0.  0.  0.  0.  0.  0.
  0.  0.  0.  0.  0.  0.  0.  0.  0.  0.  0.  0.  0.  0.  0.  0.  0.  0.
  0.  0.  0.  0.  0.  0.  0.  0.  0.  0.  0.  0.  0.  0.  0.  0.  0.  0.
  0.  0.  0.  0.  0.  0.  0.  0.  0.]