[ 0.  0.  0.  0.  0.  0.  0.  0.  0.  0.  0.  0.  0.  0.  0.  0.  0.  0.
  0.  0.  0.  0.  0.  0.  0.  0.  0.  0.  0.  0.  0.  0.  0.  0.  0.  0.
  0.  0.  0.  0.  0.  0.  0.  0.  0.  0.  0.  0.  0.  0.  0.  0.  0.  0.
  0.  0.  0.  0.  0.  0.  0.  0.  0.  0.  0.  0.  0.  0.  0.  0.  0.  0.
  0.  0.  0.  0.  0.  0.  0.  0.  8.  5.  0. 19.  0.  0.  0.  0.  0.  0.
  0.  0.  0.  0.  0.  0.  3.  2.  0.  0.  0.  0.  0.  0.  0.  0.  0.  0.
  0. 38.  0.  6.  1.  4. 11. 23.  0.  0.  0.  0.  0.  0.  0.  0.  0. 18.
 17. 15.  7. 13. 16. 27.  0.  0.  0.  0.  0.  0.  0. 20.  0. 36. 12.  0.
  9. 22.  0.  0.  0.  0.  0.  0.  0. 21.  0.  0.  0. 34.  0. 14. 10.  0.
  0.  0.  0.  0.  0.  0.  0.  0.  0. 33. 32. 26. 30. 24. 31.  0.  0.  0.
  0.  0.  0.  0.  0.  0.  0. 28.  0. 37. 25.  0.  0.  0.  0.  0.  0.  0.
  0.  0.  0. 29. 35.  0.  0.  0.  0.  0.  0.  0.  0.  0.  0.  0.  0.  0.
  0.  0.  0.  0.  0.  0.  0.  0.  0.]