[ 0.  0.  0.  0.  0.  0.  0.  0.  0.  0.  0.  0.  0.  0.  0.  0.  0.  0.
  0.  0.  0.  0.  0.  0.  0.  0.  0.  0.  0.  0.  0.  0.  0. 47. 46.  0.
  0. 40. 30.  0.  0.  0.  0.  0.  0.  0.  0.  0.  0. 45. 22. 39. 29. 12.
  0.  0.  0.  0.  0.  0.  0.  0. 34. 26. 25. 21. 23. 11. 24.  0.  0.  0.
  0.  0.  0.  0.  0. 36. 33. 35. 15.  9. 18.  0.  0.  0.  0.  0.  0.  0.
  0. 42. 41. 37. 27.  7.  4.  3.  5.  0.  0.  0.  0.  0.  0.  0. 43. 38.
 28. 10. 19.  1.  2.  6. 13.  0.  0.  0.  0.  0. 44.  0.  0.  0.  0. 20.
 31.  8. 14.  0.  0.  0.  0.  0.  0.  0.  0.  0.  0.  0.  0.  0. 32.  0.
 16.  0.  0.  0.  0.  0.  0.  0.  0.  0.  0.  0.  0.  0.  0.  0. 17.  0.
  0.  0.  0.  0.  0.  0.  0.  0.  0.  0.  0.  0.  0.  0.  0.  0.  0.  0.
  0.  0.  0.  0.  0.  0.  0.  0.  0.  0.  0.  0.  0.  0.  0.  0.  0.  0.
  0.  0.  0.  0.  0.  0.  0.  0.  0.  0.  0.  0.  0.  0.  0.  0.  0.  0.
  0.  0.  0.  0.  0.  0.  0.  0.  0.]