[ 0.  0.  0.  0.  0.  0.  0.  0.  0.  0.  0.  0.  0.  0.  0.  0.  0.  0.
  0.  0.  0.  0.  0.  0.  0.  0.  0.  0.  0.  0.  0.  0.  0.  0.  0.  0.
  0.  0.  0.  0.  0.  0.  0.  0.  0.  0.  0.  0.  0.  0.  0.  0.  0.  0.
  0.  0.  0.  0.  0.  0.  0.  0.  0.  0.  0.  0.  0.  6.  0.  0. 49.  0.
  0.  0.  0.  0.  0. 23. 25.  0.  0.  0.  5.  0.  0. 13.  0.  0.  0.  0.
  0.  0.  0. 22. 12. 11.  9.  1.  7. 10. 35.  0.  0.  0.  0.  0.  0. 37.
 36. 20. 24.  0.  3.  2. 34. 47. 46.  0.  0.  0.  0.  0.  0. 38. 19. 18.
  8.  4. 16. 17. 45.  0.  0.  0.  0.  0.  0.  0.  0. 31. 30. 14. 26. 28.
 29. 48.  0.  0.  0.  0.  0.  0.  0.  0.  0. 15. 32. 21. 27.  0.  0.  0.
  0.  0.  0.  0.  0.  0.  0. 42. 33. 41. 39. 43. 44.  0.  0.  0.  0.  0.
  0.  0.  0.  0.  0.  0. 40.  0.  0.  0.  0.  0.  0.  0.  0.  0.  0.  0.
  0.  0.  0.  0.  0.  0.  0.  0.  0.  0.  0.  0.  0.  0.  0.  0.  0.  0.
  0.  0.  0.  0.  0.  0.  0.  0.  0.]