[ 0.  0.  0.  0.  0.  0.  0.  0.  0.  0.  0.  0.  0.  0.  0.  0.  0.  0.
  0.  0.  0.  0.  0.  0.  0.  0.  0.  0.  0.  0.  0.  0.  0.  0.  0.  0.
  0.  0.  0.  0.  0.  0.  0.  0.  0.  0.  0.  0.  0.  0.  0.  0.  0.  0.
  0.  0.  0.  0.  0.  0.  0.  0.  0.  0.  0.  0.  0.  0.  0.  0.  0.  0.
  0.  0.  0.  0.  0.  0.  0.  0.  0. 19.  0. 23.  0.  0.  0.  0.  0.  0.
  0.  0.  0.  0.  0.  0.  0. 18. 22.  5.  0.  0.  0.  0.  0.  0.  0.  0.
  0.  9.  0.  1.  3.  4.  0. 15.  0.  0.  0.  0.  0.  0.  0.  0.  0.  8.
 21.  2. 20. 14.  0.  0.  0.  0.  0.  0.  0.  0.  0.  0.  0.  6.  0. 12.
  0. 16.  0.  0.  0.  0.  0.  0.  0.  0.  0.  7.  0. 10. 24.  0.  0. 17.
  0.  0.  0.  0.  0.  0.  0.  0.  0. 13.  0. 11.  0.  0.  0.  0.  0.  0.
  0.  0.  0.  0.  0.  0.  0.  0.  0.  0.  0.  0.  0.  0.  0.  0.  0.  0.
  0.  0.  0.  0.  0.  0.  0.  0.  0.  0.  0.  0.  0.  0.  0.  0.  0.  0.
  0.  0.  0.  0.  0.  0.  0.  0.  0.]