[ 0.  0.  0.  0.  0.  0.  0.  0.  0.  0.  0.  0.  0.  0.  0.  0.  0.  0.
  0.  0.  0.  0.  0.  0.  0.  0.  0.  0.  0.  0.  0.  0.  0.  0.  0.  0.
  0.  0.  0.  0.  0.  0.  0.  0.  0.  0.  0.  0.  0.  0.  0.  0. 16.  0.
  0.  0.  0.  0.  0.  0.  0.  0.  0.  0. 22. 10.  0. 15. 14.  0.  0.  0.
  0.  0.  0.  0.  0.  0. 24. 23. 21.  9. 13.  8.  0.  0.  0.  0.  0.  0.
  0.  0.  0.  0.  0.  4.  3.  1.  5.  6.  0.  0.  0.  0.  0.  0.  0.  0.
  0.  0.  0.  2. 17.  7. 25.  0.  0.  0.  0.  0.  0.  0.  0.  0.  0.  0.
  0. 18. 19. 11. 29.  0.  0.  0.  0.  0.  0.  0.  0.  0.  0.  0. 30. 26.
 20. 12. 28.  0.  0.  0.  0.  0.  0.  0.  0.  0.  0.  0.  0. 27.  0.  0.
  0.  0.  0.  0.  0.  0.  0.  0.  0.  0.  0.  0.  0.  0.  0.  0.  0.  0.
  0.  0.  0.  0.  0.  0.  0.  0.  0.  0.  0.  0.  0.  0.  0.  0.  0.  0.
  0.  0.  0.  0.  0.  0.  0.  0.  0.  0.  0.  0.  0.  0.  0.  0.  0.  0.
  0.  0.  0.  0.  0.  0.  0.  0.  0.]