[ 0.  0.  0.  0.  0.  0.  0.  0.  0.  0.  0.  0.  0.  0.  0.  0.  0.  0.
  0.  0.  0.  0.  0.  0.  0. 29.  0.  0.  0.  0.  0.  0.  0.  0.  0.  0.
  0.  0.  0. 28. 19.  0.  0.  0.  0.  0.  0.  0.  0.  0.  0. 22. 23. 20.
 18.  0.  0.  0.  0.  0.  0.  0.  0.  0.  0.  0. 25. 26. 16.  0.  0.  0.
  0.  0.  0.  0.  0.  0.  0.  0. 30. 24. 12. 21.  0.  0.  0.  0.  0.  0.
  0.  0.  0. 34.  0. 27.  6. 11.  4.  0.  0.  0.  0.  0.  0.  0.  0.  0.
  0. 33. 17.  2.  1. 10. 13.  0.  0.  0.  0.  0.  0.  0.  0.  0. 32. 31.
  3.  7.  5.  8.  0.  0.  0.  0.  0.  0.  0.  0.  0.  0.  0.  9. 14.  0.
  0.  0.  0.  0.  0.  0.  0.  0.  0.  0.  0.  0.  0. 15.  0.  0.  0.  0.
  0.  0.  0.  0.  0.  0.  0.  0.  0.  0.  0. 35.  0.  0.  0.  0.  0.  0.
  0.  0.  0.  0.  0.  0.  0.  0.  0.  0.  0.  0.  0.  0.  0.  0.  0.  0.
  0.  0.  0.  0.  0.  0.  0.  0.  0.  0.  0.  0.  0.  0.  0.  0.  0.  0.
  0.  0.  0.  0.  0.  0.  0.  0.  0.]