[ 0.  0.  0.  0.  0.  0.  0.  0.  0.  0.  0.  0.  0.  0.  0.  0.  0.  0.
  0.  0.  0.  0.  0.  0.  0.  0.  0.  0.  0.  0.  0.  0.  0.  0.  0.  0.
  0.  0.  0.  0.  0.  0.  0.  0.  0.  0. 36.  0.  0.  0.  0.  0.  0. 26.
  0.  0.  0.  0.  0.  0.  0.  0. 35. 10. 30.  0.  0. 25.  0.  0.  0.  0.
  0.  0.  0.  0.  0. 38. 33.  9. 22. 19.  0. 15.  0.  0.  0.  0.  0.  0.
  0.  0.  0. 37. 29.  7.  2.  6. 14. 16. 17.  0.  0.  0.  0.  0.  0. 45.
 28. 23. 27.  3.  1.  4.  0. 41.  0.  0.  0.  0.  0.  0.  0. 24. 31. 11.
 34.  5. 12. 18.  0.  0.  0.  0.  0.  0.  0.  0.  0. 32.  0. 39.  0.  8.
  0. 20.  0.  0.  0.  0.  0.  0.  0.  0.  0. 44.  0. 40. 13.  0.  0. 21.
  0.  0.  0.  0.  0.  0.  0.  0.  0. 42.  0.  0.  0.  0.  0.  0.  0.  0.
  0.  0.  0.  0.  0. 43.  0. 46.  0.  0.  0.  0.  0.  0.  0.  0.  0.  0.
  0.  0.  0.  0.  0.  0.  0.  0.  0.  0.  0.  0.  0.  0.  0.  0.  0.  0.
  0.  0.  0.  0.  0.  0.  0.  0.  0.]