[ 0.  0.  0.  0.  0.  0.  0.  0.  0.  0.  0.  0.  0.  0.  0.  0.  0.  0.
  0.  0.  0.  0.  0.  0.  0.  0.  0.  0.  0.  0.  0.  0.  0.  0.  0.  0.
  0.  0.  0.  0.  0.  0.  0.  0.  0.  0.  0.  0.  0.  0.  0.  0.  0.  0.
 19.  0.  0.  0.  0.  0.  0.  0.  0.  0.  0.  0.  0. 12. 13.  0.  0.  0.
  0.  0.  0.  0.  0.  0.  0.  0.  8.  0. 11.  4.  0.  0.  0.  0.  0.  0.
  0.  0.  0.  0.  0.  6.  5.  3.  0.  0.  0.  0.  0.  0.  0.  0.  0.  0.
  0. 10.  9.  1.  7. 17. 18.  0.  0.  0.  0.  0.  0.  0.  0.  0. 14.  2.
  0. 15.  0.  0.  0.  0.  0.  0.  0.  0.  0.  0.  0.  0.  0.  0. 16.  0.
  0.  0.  0.  0.  0.  0.  0.  0.  0.  0.  0.  0.  0.  0.  0.  0.  0.  0.
  0.  0.  0.  0.  0.  0.  0.  0.  0.  0.  0.  0.  0.  0.  0.  0.  0.  0.
  0.  0.  0.  0.  0.  0.  0.  0.  0.  0.  0.  0.  0.  0.  0.  0.  0.  0.
  0.  0.  0.  0.  0.  0.  0.  0.  0.  0.  0.  0.  0.  0.  0.  0.  0.  0.
  0.  0.  0.  0.  0.  0.  0.  0.  0.]