[ 0.  0.  0.  0.  0.  0.  0.  0.  0.  0.  0.  0.  0.  0.  0.  0.  0.  0.
  0.  0.  0. 23.  0.  0.  0.  0.  0.  0.  0.  0.  0.  0.  0.  0.  0. 21.
 22.  0. 15. 13.  0.  0.  0.  0.  0.  0.  0.  0.  0.  0.  0. 20.  0. 12.
  0.  0.  0.  0.  0.  0.  0.  0.  0.  0. 19. 18. 16. 10. 14. 17.  0.  0.
  0.  0.  0.  0.  0.  0.  0.  0.  9.  8.  0.  4.  0.  0.  0.  0.  0.  0.
  0.  0.  0.  0.  0.  6. 24.  3.  0.  0.  0.  0.  0.  0.  0.  0.  0.  0.
  0. 11.  0.  1.  0.  7.  0.  0.  0.  0.  0.  0.  0.  0.  0.  0.  0.  2.
  0.  5.  0.  0.  0.  0.  0.  0.  0.  0.  0.  0.  0.  0.  0.  0.  0.  0.
  0.  0.  0.  0.  0.  0.  0.  0.  0.  0.  0.  0.  0.  0.  0.  0.  0.  0.
  0.  0.  0.  0.  0.  0.  0.  0.  0.  0.  0.  0.  0.  0.  0.  0.  0.  0.
  0.  0.  0.  0.  0.  0.  0.  0.  0.  0.  0.  0.  0.  0.  0.  0.  0.  0.
  0.  0.  0.  0.  0.  0.  0.  0.  0.  0.  0.  0.  0.  0.  0.  0.  0.  0.
  0.  0.  0.  0.  0.  0.  0.  0.  0.]