[ 0.  0.  0.  0.  0.  0.  0.  0.  0.  0.  0.  0.  0.  0.  0.  0.  0.  0.
  0.  0.  0.  0.  0.  0.  0.  0.  0.  0.  0.  0.  0.  0.  0.  0.  0.  0.
  0.  0.  0.  0.  0.  0.  0.  0.  0.  0.  0.  0.  0.  0.  0.  0.  0.  0.
  0.  0.  0.  0.  0.  0.  0.  0.  0.  0.  0.  0.  0.  0.  0. 16. 10.  0.
  0.  0.  0.  0.  0.  0.  0.  0.  0.  0. 12.  0.  9. 24.  0. 29.  0.  0.
  0.  0.  0.  0.  0.  0.  0. 20.  5. 15. 19. 21. 22.  0.  0.  0.  0.  0.
  0.  0.  0.  0.  1.  4.  3. 23.  0.  0.  0.  0.  0.  0.  0.  0.  0.  0.
  7.  6.  2. 17. 11.  0.  0.  0.  0.  0.  0.  0.  0.  0.  8.  0.  0. 27.
 18. 25. 13.  0.  0.  0.  0.  0.  0.  0.  0.  0.  0. 28.  0.  0. 26.  0.
 14.  0.  0.  0.  0.  0.  0.  0.  0.  0.  0.  0.  0.  0.  0.  0.  0.  0.
  0.  0.  0.  0.  0.  0.  0.  0.  0.  0.  0.  0.  0.  0.  0.  0.  0.  0.
  0.  0.  0.  0.  0.  0.  0.  0.  0.  0.  0.  0.  0.  0.  0.  0.  0.  0.
  0.  0.  0.  0.  0.  0.  0.  0.  0.]