[ 0.  0.  0.  0.  0.  0.  0.  0.  0.  0.  0.  0.  0.  0.  0.  0.  0.  0.
  0.  0.  0.  0.  0.  0.  0.  0. 32.  0.  0.  0.  0.  0.  0.  0.  0.  0.
  0.  0.  0.  0. 31.  0.  0.  0.  0.  0.  0.  0.  0.  0.  0.  0. 24.  0.
 17.  0.  0.  0.  0.  0.  0.  0.  0.  0.  0.  0.  0.  0. 21. 20. 18. 22.
 16. 23.  0.  0.  0.  0.  0.  0.  0. 10.  0. 28. 19. 27. 15. 29. 30.  0.
  0.  0.  0.  0.  9.  8.  6.  4.  2.  7. 13. 34.  0.  0.  0.  0.  0.  0.
  0.  0.  0. 11.  1. 12.  5. 33. 25.  0.  0.  0.  0.  0.  0.  0.  0.  0.
 40. 39.  3. 35. 37. 41. 26.  0.  0.  0.  0.  0.  0.  0.  0.  0. 14.  0.
 36. 38.  0.  0.  0.  0.  0.  0.  0.  0.  0.  0.  0.  0.  0.  0.  0.  0.
  0.  0.  0.  0.  0.  0.  0.  0.  0.  0.  0.  0.  0.  0.  0.  0.  0.  0.
  0.  0.  0.  0.  0.  0.  0.  0.  0.  0.  0.  0.  0.  0.  0.  0.  0.  0.
  0.  0.  0.  0.  0.  0.  0.  0.  0.  0.  0.  0.  0.  0.  0.  0.  0.  0.
  0.  0.  0.  0.  0.  0.  0.  0.  0.]