[ 0.  0.  0.  0.  0.  0.  0.  0.  0.  0.  0.  0.  0.  0.  0.  0.  0.  0.
  0.  0.  0.  0.  0.  0.  0.  0.  0.  0.  0.  0.  0.  0.  0.  0.  0.  0.
  0.  0.  0.  0.  0.  0.  0.  0.  0.  0.  0.  0.  0.  0.  0.  0. 20.  0.
  0.  0.  0.  0.  0.  0.  0.  0.  0.  0.  0. 18. 17.  0.  0.  0.  0.  0.
  0.  0.  0.  0.  0.  0.  0. 11. 13. 16. 15.  0.  0.  0.  0.  0.  0.  0.
  0.  0.  0.  0.  7.  9. 10.  6.  0.  0.  0.  0.  0.  0.  0.  0.  0.  0.
 19.  8.  2.  1. 14.  0.  0.  0.  0.  0.  0.  0.  0.  0. 21.  0.  0.  3.
  4. 12.  0.  0.  0.  0.  0.  0.  0.  0.  0.  0.  0.  5.  0.  0.  0.  0.
  0.  0.  0.  0.  0.  0.  0.  0.  0.  0.  0.  0.  0.  0.  0.  0.  0.  0.
  0.  0.  0.  0.  0.  0.  0.  0.  0.  0.  0.  0.  0.  0.  0.  0.  0.  0.
  0.  0.  0.  0.  0.  0.  0.  0.  0.  0.  0.  0.  0.  0.  0.  0.  0.  0.
  0.  0.  0.  0.  0.  0.  0.  0.  0.  0.  0.  0.  0.  0.  0.  0.  0.  0.
  0.  0.  0.  0.  0.  0.  0.  0.  0.]