[ 0.  0.  0.  0.  0.  0.  0.  0.  0.  0.  0.  0.  0.  0.  0.  0.  0.  0.
  0.  0.  0.  0.  0.  0.  0.  0.  0.  0.  0.  0.  0.  0.  0.  0.  0.  0.
  0.  0.  0.  0.  0.  0.  0.  0.  0.  0.  0.  0.  0.  0.  0.  0.  0.  0.
  0.  0.  0. 18.  0.  0.  0.  0.  0.  0.  0.  0.  0.  0.  0.  0.  0. 17.
 29.  0.  0.  0.  0.  0.  0.  0.  0.  0.  0.  7. 26. 15. 25.  0.  0.  0.
  0.  0.  0.  0.  0.  0. 20.  2. 10. 11. 27.  0.  0.  0.  0.  0.  0.  0.
  0.  0.  0.  4.  1.  3.  5. 12.  0.  0.  0.  0.  0.  0.  0.  0.  0.  6.
 24. 16. 19. 14.  0.  0.  0.  0.  0.  0.  0.  0.  0.  8.  0. 23. 28.  0.
 13.  0.  0.  0.  0.  0.  0.  0.  0.  9.  0.  0.  0.  0.  0.  0. 21.  0.
  0.  0.  0.  0.  0.  0.  0.  0.  0.  0.  0.  0.  0.  0. 22.  0.  0.  0.
  0.  0.  0.  0.  0.  0.  0.  0.  0.  0.  0.  0.  0.  0.  0.  0.  0.  0.
  0.  0.  0.  0.  0.  0.  0.  0.  0.  0.  0.  0.  0.  0.  0.  0.  0.  0.
  0.  0.  0.  0.  0.  0.  0.  0.  0.]