[ 0.  0.  0.  0.  0.  0.  0.  0.  0.  0.  0.  0.  0.  0.  0.  0.  0.  0.
  0.  0.  0.  0.  0.  0.  0.  0.  0.  0.  0.  0.  0.  0.  0.  0.  0.  0.
 32. 35.  0.  0.  0.  0.  0.  0.  0.  0.  0.  0.  0. 26.  0. 31.  0.  0.
  0.  0.  0.  0.  0.  0.  0.  0.  0.  0. 28. 25. 27. 23.  0.  0.  0.  0.
  0.  0.  0.  0.  0.  0. 30. 29.  0. 19.  8. 18.  0.  0.  0.  0.  0.  0.
  0.  0.  0. 33. 22. 21. 15.  7. 17. 20.  0.  0.  0.  0.  0.  0.  0. 34.
  0. 24.  0.  2.  1. 10.  0.  0.  0.  0.  0.  0.  0.  0.  0.  0.  0.  0.
  4.  3. 16.  0.  0.  0.  0.  0.  0.  0.  0.  0.  0.  0. 12.  9.  5. 11.
 13. 14.  0.  0.  0.  0.  0.  0.  0.  0.  0.  0.  0.  6.  0.  0.  0.  0.
  0.  0.  0.  0.  0.  0.  0.  0.  0.  0.  0.  0.  0.  0.  0.  0.  0.  0.
  0.  0.  0.  0.  0.  0.  0.  0.  0.  0.  0.  0.  0.  0.  0.  0.  0.  0.
  0.  0.  0.  0.  0.  0.  0.  0.  0.  0.  0.  0.  0.  0.  0.  0.  0.  0.
  0.  0.  0.  0.  0.  0.  0.  0.  0.]