[ 0.  0.  0.  0.  0.  0.  0.  0.  0.  0.  0.  0.  0.  0.  0.  0.  0.  0.
  0.  0.  0.  0.  0.  0.  0.  0.  0.  0.  0.  0.  0.  0.  0.  0.  0.  0.
  0.  0. 38.  0.  0.  0.  0.  0.  0.  0.  0.  0.  0.  0.  0.  0. 34.  0.
 37.  0. 16.  0.  0.  0.  0.  0.  0.  0.  0.  0.  0.  0. 33.  0. 15.  0.
  0.  0.  0.  0.  0.  0.  0.  0.  0. 29. 10. 40. 13. 39. 35.  0. 20.  0.
  0.  0.  0.  0. 23.  0.  0. 28.  7.  0. 31.  0. 19.  0.  0.  0.  0.  0.
  0.  0. 22.  0.  1.  6.  3. 41. 17.  0. 36.  0.  0.  0.  0.  0.  0. 25.
 14. 24.  2.  8.  9. 30. 32.  0.  0.  0.  0.  0.  0.  0.  0.  0.  4.  0.
  5. 26. 11.  0.  0.  0.  0.  0.  0.  0.  0.  0.  0.  0. 18.  0.  0. 27.
 12.  0.  0.  0.  0.  0.  0.  0.  0.  0.  0.  0. 21.  0.  0.  0.  0.  0.
  0.  0.  0.  0.  0.  0.  0.  0.  0.  0.  0.  0.  0.  0.  0.  0.  0.  0.
  0.  0.  0.  0.  0.  0.  0.  0.  0.  0.  0.  0.  0.  0.  0.  0.  0.  0.
  0.  0.  0.  0.  0.  0.  0.  0.  0.]