[ 0.  0.  0.  0.  0.  0.  0.  0.  0.  0.  0.  0.  0.  0.  0.  0.  0.  0.
  0.  0.  0.  0.  0.  0.  0.  0.  0.  0.  0.  0.  0.  0.  0.  0.  0.  0.
  0.  0.  0.  0.  0.  0.  0.  0.  0.  0.  0.  0.  0.  0.  0.  0.  0.  0.
  0.  0.  0.  0.  0.  0.  0.  0.  0.  0.  0.  0.  0.  0.  0.  0.  0.  0.
  0.  0.  0.  0.  0.  0.  0.  0. 10.  0.  8.  5.  0.  0.  0.  0.  0.  0.
  0.  0.  0.  0.  0. 12.  3.  1.  4. 19.  0.  0.  0.  0.  0.  0.  0.  0.
  0. 29. 27.  6.  7.  2. 11. 21.  0.  0.  0.  0.  0.  0.  0.  0.  0. 26.
 18. 15.  9. 17.  0. 22.  0.  0.  0.  0.  0.  0.  0.  0.  0. 24. 13. 23.
 20.  0.  0.  0.  0.  0.  0.  0.  0.  0.  0.  0. 14. 16.  0.  0.  0.  0.
  0.  0.  0.  0.  0.  0.  0.  0.  0. 25.  0. 28.  0.  0.  0.  0.  0.  0.
  0.  0.  0.  0.  0.  0.  0.  0.  0. 30.  0.  0.  0.  0.  0.  0.  0.  0.
  0.  0.  0.  0.  0.  0.  0.  0.  0.  0.  0.  0.  0.  0.  0.  0.  0.  0.
  0.  0.  0.  0.  0.  0.  0.  0.  0.]