[ 0.  0.  0.  0.  0.  0.  0.  0.  0.  0.  0. 83.  0.  0.  0.  0.  0.  0.
  0. 31. 76. 69. 75. 79.  0. 82.  0.  0.  0.  0.  0.  0. 65. 64. 22. 30.
 32. 33. 78. 14.  0.  0.  0.  0.  0.  0.  0. 68. 66.  0. 21. 20. 34. 70.
 13.  0.  0.  0.  0.  0.  0.  0. 77. 67.  0.  0. 19. 24. 16.  9.  0.  0.
  0.  0. 74.  0.  0.  0. 36. 25. 35. 17.  7.  8.  1.  0.  0.  0. 73.  0.
  0.  0.  0. 47.  0. 23. 15.  6.  3.  5. 51. 72. 71.  0. 63.  0.  0.  0.
  0.  2. 37. 11.  4. 12. 10. 48. 49.  0. 62.  0.  0.  0.  0. 46. 39. 27.
 18. 26. 50. 87. 55.  0. 54.  0.  0.  0.  0.  0. 40. 41. 38. 80. 28. 57.
 56.  0. 60.  0.  0.  0.  0.  0.  0. 44. 42. 45. 52. 29.  0.  0. 58.  0.
  0.  0.  0.  0.  0.  0. 43. 84. 53. 81.  0.  0. 61.  0. 59.  0.  0.  0.
  0.  0.  0.  0.  0. 85.  0.  0.  0.  0.  0.  0.  0.  0.  0.  0.  0.  0.
  0. 86.  0.  0.  0.  0.  0.  0.  0.  0.  0.  0.  0.  0.  0.  0.  0.  0.
  0.  0.  0.  0.  0.  0.  0.  0.  0.]