[ 0.  0.  0.  0.  0.  0.  0.  0.  0.  0.  0.  0.  0.  0.  0.  0.  0.  0.
  0.  0.  0.  0.  0.  0.  0.  0.  0.  0.  0.  0.  0.  0.  0.  0.  0.  0.
  0.  0.  0.  0.  0.  0.  0.  0.  0.  0.  0.  0.  0.  0.  0.  0.  0. 10.
  0.  0.  0.  0.  0.  0.  0.  0.  0.  0.  0.  6.  0.  9.  0.  0.  0.  0.
  0.  0.  0.  0.  0.  0.  0.  0. 28.  5. 26.  4.  0. 18.  0.  0.  0.  0.
  0.  0.  0.  0. 14.  7. 13.  1. 16. 15.  0.  0.  0.  0.  0.  0.  0.  0.
  0.  8.  0.  2. 25.  3.  0.  0.  0.  0.  0.  0.  0.  0.  0.  0.  0.  0.
 20. 17. 19. 11. 21. 22.  0.  0.  0.  0.  0.  0.  0.  0.  0. 23.  0.  0.
 27. 12.  0.  0.  0.  0.  0.  0.  0.  0.  0. 24.  0.  0.  0.  0. 29.  0.
  0.  0.  0.  0.  0.  0.  0.  0.  0.  0.  0.  0.  0.  0.  0.  0.  0.  0.
  0.  0.  0.  0.  0.  0.  0.  0.  0.  0.  0.  0.  0.  0.  0.  0.  0.  0.
  0.  0.  0.  0.  0.  0.  0.  0.  0.  0.  0.  0.  0.  0.  0.  0.  0.  0.
  0.  0.  0.  0.  0.  0.  0.  0.  0.]