[ 0.  0.  0.  0.  0.  0.  0.  0.  0.  0.  0.  0.  0.  0.  0.  0.  0.  0.
  0.  0.  0.  0.  0.  0.  0.  0.  0.  0.  0.  0.  0.  0.  0.  0.  0.  0.
  0.  0.  0.  0.  0.  0.  0.  0.  0.  0.  0.  0.  0.  0.  0.  0.  0.  0.
  0.  0.  0.  0.  0.  0.  0.  0.  0.  0.  0.  0. 41. 22.  0.  0.  0.  0.
  0.  0.  0.  0.  0.  0.  0. 39. 40.  0.  0. 11.  0. 18.  0.  0.  0.  0.
  0.  0.  0.  0. 38.  0.  7.  8.  4. 17.  0.  0.  0.  0.  0.  0.  0.  0.
 32. 14. 35.  6.  1.  5. 25. 21. 26.  0.  0.  0.  0.  0. 42. 19. 36. 10.
  3.  9.  2. 28.  0. 23.  0.  0.  0.  0. 43.  0. 31. 12. 45. 15. 30. 29.
 27.  0.  0. 24.  0.  0.  0.  0.  0. 13. 37. 16. 44.  0.  0.  0.  0.  0.
  0.  0.  0.  0.  0.  0. 33.  0.  0. 20.  0.  0.  0.  0.  0.  0.  0.  0.
  0.  0.  0. 34.  0.  0.  0.  0.  0.  0.  0.  0.  0.  0.  0.  0.  0.  0.
  0.  0.  0.  0.  0.  0.  0.  0.  0.  0.  0.  0.  0.  0.  0.  0.  0.  0.
  0.  0.  0.  0.  0.  0.  0.  0.  0.]