[ 0.  0.  0.  0.  0.  0.  0.  0.  0.  0.  0.  0.  0.  0.  0.  0.  0.  0.
  0.  0.  0.  0.  0.  0.  0.  0.  0.  0.  0.  0.  0.  0.  0.  0.  0.  0.
  0.  0.  0.  0.  0.  0.  0.  0.  0.  0.  0.  0.  0.  0.  0.  0.  0. 22.
 29.  0. 10.  0.  0.  0.  0.  0.  0.  0.  0.  0.  0.  0. 17. 19.  9. 20.
  0.  0.  0.  0.  0.  0.  0.  0.  0. 12. 11.  5.  7. 13. 14.  0.  0.  0.
  0.  0.  0.  0.  0.  0.  4.  2.  3. 25. 15. 21. 26.  0.  0.  0.  0.  0.
  0.  0.  0.  0.  1.  6. 27. 16. 18. 23.  0.  0.  0.  0.  0.  0.  0.  0.
  8.  0.  0. 28.  0.  0.  0. 24.  0.  0.  0.  0.  0.  0.  0.  0.  0.  0.
  0.  0.  0.  0.  0.  0.  0.  0.  0.  0.  0.  0.  0.  0.  0.  0.  0.  0.
  0.  0.  0.  0.  0.  0.  0.  0.  0.  0.  0.  0.  0.  0.  0.  0.  0.  0.
  0.  0.  0.  0.  0.  0.  0.  0.  0.  0.  0.  0.  0.  0.  0.  0.  0.  0.
  0.  0.  0.  0.  0.  0.  0.  0.  0.  0.  0.  0.  0.  0.  0.  0.  0.  0.
  0.  0.  0.  0.  0.  0.  0.  0.  0.]