[ 0.  0.  0.  0.  0.  0.  0.  0.  0.  0.  0.  0.  0.  0.  0.  0.  0.  0.
  0.  0.  0.  0.  0.  0.  0.  0.  0.  0.  0.  0.  0.  0.  0.  0.  0.  0.
  0.  0.  0.  0.  0.  0.  0.  0.  0.  0.  0.  0.  0.  0.  0.  0.  0.  0.
  0.  0.  0.  0.  0.  0.  0.  0.  0.  0.  0.  0.  0.  0.  0.  0.  0.  0.
  0.  0.  0.  0.  0.  0.  0.  0.  0.  0. 25. 12.  8.  0.  0.  0.  0.  0.
  0.  0.  0. 30. 18. 14.  3.  2.  7.  0.  0.  0.  0.  0.  0.  0.  0.  0.
  0. 27. 11.  6.  1.  0.  0. 38.  0.  0.  0.  0.  0.  0.  0.  0. 26. 13.
  5.  0.  4. 37.  0.  0.  0.  0.  0.  0.  0.  0.  0. 22.  9. 21. 17. 23.
 24.  0.  0.  0.  0.  0.  0.  0.  0.  0. 10. 15. 33. 31. 19. 34.  0.  0.
  0.  0.  0.  0.  0.  0.  0. 28. 16. 35.  0. 32. 20.  0.  0.  0.  0.  0.
  0.  0.  0.  0. 29. 39. 36.  0.  0.  0.  0.  0.  0.  0.  0.  0.  0.  0.
  0.  0.  0.  0.  0.  0.  0.  0.  0.  0.  0.  0.  0.  0.  0.  0.  0.  0.
  0.  0.  0.  0.  0.  0.  0.  0.  0.]