[ 0.  0.  0.  0.  0.  0.  0.  0.  0.  0.  0.  0.  0.  0.  0.  0.  0.  0.
  0.  0.  0.  0.  0.  0.  0.  0.  0.  0.  0.  0.  0.  0.  0.  0.  0.  0.
  0.  0.  0.  0.  0.  0.  0.  0.  0.  0.  0.  0.  0.  0.  9.  0.  0.  0.
  0.  0.  0.  0.  0.  0.  0.  0.  0. 25.  0.  7.  8.  0.  0.  0.  0.  0.
  0.  0.  0.  0.  0.  0.  0. 24.  0.  5.  2. 28. 19. 26.  0.  0.  0.  0.
  0.  0.  0.  0.  0. 16.  3.  1.  4. 27.  0. 30.  0.  0. 48.  0.  0.  0.
  0.  0. 15. 14. 12.  6. 10. 13.  0.  0. 46.  0.  0.  0.  0.  0.  0.  0.
 18. 22. 17. 29. 11. 35. 36.  0.  0.  0.  0.  0.  0.  0. 20. 44. 43. 23.
 41. 39. 42. 37.  0.  0.  0.  0.  0.  0. 21. 34. 33. 31.  0.  0. 40.  0.
  0. 38.  0.  0.  0.  0.  0. 45.  0. 32.  0.  0. 47.  0.  0.  0.  0.  0.
  0.  0.  0.  0.  0.  0.  0.  0.  0.  0.  0.  0.  0.  0.  0.  0.  0.  0.
  0.  0.  0.  0.  0.  0.  0.  0.  0.  0.  0.  0.  0.  0.  0.  0.  0.  0.
  0.  0.  0.  0.  0.  0.  0.  0.  0.]