[ 0.  0.  0.  0.  0.  0.  0.  0.  0.  0.  0.  0.  0.  0.  0.  0.  0.  0.
  0.  0.  0.  0.  0.  0.  0.  0.  0.  0.  0.  0.  0.  0.  0.  0.  0.  0.
  0.  0.  0.  0.  0.  0.  0.  0.  0.  0.  0.  0.  0.  0.  0.  0.  0.  0.
  0.  0.  0.  0.  0.  0.  0.  0.  0.  0.  0.  0. 24.  0.  0. 32.  0.  0.
  0.  0.  0.  0.  0.  0.  0.  0.  9. 21. 12.  6. 30.  0.  0.  0.  0.  0.
  0.  0.  0. 27. 13. 10.  2.  1. 29. 20.  0.  0.  0.  0.  0.  0.  0.  0.
 23. 11. 14.  3.  4. 19. 28.  0.  0.  0.  0.  0.  0.  0.  0.  0. 15.  5.
  0.  7.  8. 22.  0.  0.  0.  0.  0.  0.  0.  0.  0. 16. 25. 17.  0.  0.
 31.  0.  0.  0.  0.  0.  0.  0.  0.  0.  0.  0. 26. 18.  0.  0.  0.  0.
  0.  0.  0.  0.  0.  0.  0.  0.  0.  0.  0.  0.  0.  0.  0.  0.  0.  0.
  0.  0.  0.  0.  0.  0.  0.  0.  0.  0.  0.  0.  0.  0.  0.  0.  0.  0.
  0.  0.  0.  0.  0.  0.  0.  0.  0.  0.  0.  0.  0.  0.  0.  0.  0.  0.
  0.  0.  0.  0.  0.  0.  0.  0.  0.]